mensagem_entrar_area: .word 73, 26
.byte 199,199,255,255,255,255,255,255,255,255,255,255,255,255,255,255,255,255,255,255,255,255,255,255,255,255,255,255,255,255,255,255,255,255,255,255,255,255,255,255,255,255,255,255,255,255,255,255,255,255,255,255,255,255,255,255,255,255,255,255,255,255,255,255,255,255,255,255,255,255,255,199,199,
199,255,0,0,0,0,0,0,0,0,0,0,0,0,0,0,0,0,0,0,0,0,0,0,0,0,0,0,0,0,0,0,0,0,0,0,0,0,0,0,0,0,0,0,0,0,0,0,0,0,0,0,0,0,0,0,0,0,0,0,0,0,0,0,0,0,0,0,0,0,0,255,199,
255,0,0,255,255,255,255,255,255,255,255,255,255,255,255,255,255,255,255,255,255,255,255,255,255,255,255,255,255,255,255,255,255,255,255,255,255,255,255,255,255,255,255,255,255,255,255,255,255,255,255,255,255,255,255,255,255,255,255,255,255,255,255,255,255,255,255,255,255,255,0,0,255,
255,0,255,255,0,0,0,0,0,0,0,0,0,0,0,0,0,0,0,0,0,0,0,0,0,0,0,0,0,0,0,0,0,0,0,0,0,0,0,0,0,0,0,0,0,0,0,0,0,0,0,0,0,0,0,0,0,0,0,0,0,0,0,0,0,0,0,0,0,255,255,0,255,
255,0,255,0,0,0,0,0,0,0,0,0,0,0,0,0,0,0,0,0,0,0,0,0,0,0,0,0,0,0,0,0,0,0,0,0,0,0,0,0,0,0,0,0,0,0,0,0,0,0,0,0,0,0,0,0,0,0,0,0,0,0,0,0,0,0,0,0,0,0,255,0,255,
255,0,255,0,0,0,0,0,255,255,255,255,255,255,255,255,0,0,0,0,0,0,0,0,0,0,0,0,0,0,0,0,0,0,0,0,0,0,0,0,0,0,0,0,0,0,0,0,0,0,0,0,0,0,0,0,0,0,0,0,0,0,0,0,0,0,0,0,0,0,255,0,255,
255,0,255,0,0,0,0,255,0,0,0,0,0,0,0,0,255,0,0,0,0,0,0,0,0,0,0,0,0,0,0,0,0,0,0,0,0,0,0,0,0,0,0,0,0,0,0,0,0,0,0,0,0,0,0,0,0,0,0,0,0,0,0,0,0,0,0,0,0,0,255,0,255,
255,0,255,0,0,0,255,0,0,0,0,0,0,0,0,0,0,255,0,0,0,0,0,0,0,0,0,0,0,0,0,0,0,0,0,0,0,0,0,0,0,0,0,0,0,0,0,0,0,0,0,0,0,0,0,0,0,0,0,0,0,0,0,0,0,0,0,0,0,0,255,0,255,
255,0,255,0,0,255,0,0,0,255,255,255,255,255,255,0,0,0,255,0,0,0,0,0,255,255,255,255,255,255,255,0,0,0,0,0,0,0,0,0,0,0,0,0,0,0,0,0,0,0,0,0,0,0,0,0,0,0,0,0,0,0,0,0,0,0,0,0,0,0,255,0,255,
255,0,255,0,0,255,0,0,0,255,255,255,255,255,255,0,0,0,255,0,0,0,0,0,255,255,255,255,255,255,255,0,0,0,0,0,0,0,0,0,255,255,0,0,0,0,0,0,0,0,0,0,0,0,0,0,0,0,0,0,0,0,0,0,0,0,0,0,0,0,255,0,255,
255,0,255,0,0,255,0,0,0,255,255,0,0,0,0,0,0,0,255,0,0,0,0,0,255,255,0,0,0,0,0,0,0,0,0,0,0,0,0,0,255,255,0,0,0,0,0,0,0,0,0,0,0,0,0,0,0,0,0,0,0,0,0,0,0,0,0,0,0,0,255,0,255,
255,0,255,0,0,255,0,0,0,255,255,0,0,0,0,0,0,0,255,0,0,0,0,0,255,255,0,0,0,0,0,0,255,255,255,255,255,0,0,255,255,255,255,255,255,0,0,0,0,0,0,0,0,0,0,0,0,0,0,0,0,0,0,0,0,0,0,0,0,0,255,0,255,
255,0,255,0,0,255,0,0,0,255,255,255,255,255,0,0,0,0,255,0,0,0,0,0,255,255,255,255,255,255,0,0,255,255,255,255,255,255,0,255,255,255,255,255,255,0,255,255,0,255,255,255,0,0,0,255,255,255,255,255,255,0,255,255,0,255,255,255,0,0,255,0,255,
255,0,255,0,0,255,0,0,0,255,255,255,255,255,0,0,0,0,255,0,0,0,0,0,255,255,255,255,255,255,0,0,255,255,0,0,255,255,0,0,255,255,0,0,0,0,255,255,255,255,0,0,0,255,255,0,0,0,255,255,255,0,255,255,255,255,0,0,0,0,255,0,255,
255,0,255,0,0,255,0,0,0,255,255,0,0,0,0,0,0,0,255,0,0,0,0,0,255,255,0,0,0,0,0,0,255,255,0,0,255,255,0,0,255,255,0,0,0,0,255,255,255,255,0,0,0,255,255,0,0,0,255,255,255,0,255,255,255,255,0,0,0,0,255,0,255,
255,0,255,0,0,255,0,0,0,255,255,0,0,0,0,0,0,0,255,0,0,0,0,0,255,255,0,0,0,0,0,0,255,255,0,0,255,255,0,0,255,255,0,0,0,0,255,255,255,0,0,0,0,255,255,0,0,0,255,255,255,0,255,255,255,0,0,0,0,0,255,0,255,
255,0,255,0,0,255,0,0,0,255,255,0,0,0,0,0,0,0,255,0,0,0,0,0,255,255,0,0,0,0,0,0,255,255,0,0,255,255,0,0,255,255,0,0,0,0,255,255,255,0,0,0,0,255,255,0,0,255,255,255,255,0,255,255,255,0,0,0,0,0,255,0,255,
255,0,255,0,0,255,255,0,0,0,0,0,0,0,0,0,0,255,255,0,0,0,0,0,255,255,255,255,255,255,255,0,255,255,0,0,255,255,0,0,255,255,255,255,255,0,255,255,255,0,0,0,0,255,255,0,0,255,255,255,255,0,255,255,255,0,0,0,0,0,255,0,255,
255,0,255,0,0,255,255,255,0,0,0,0,0,0,0,0,255,255,255,0,0,0,0,0,255,255,255,255,255,255,255,0,255,255,0,0,255,255,0,0,255,255,255,255,255,0,255,255,255,0,0,0,0,0,0,255,255,255,0,255,255,0,255,255,255,0,0,0,0,0,255,0,255,
255,0,255,0,0,0,255,255,255,255,255,255,255,255,255,255,255,255,0,0,0,0,0,0,0,0,0,0,0,0,0,0,0,0,0,0,0,0,0,0,0,0,0,0,0,0,0,0,0,0,0,0,0,0,0,0,0,0,0,0,0,0,0,0,0,0,0,0,0,0,255,0,255,
255,0,255,0,0,0,0,255,255,255,255,255,255,255,255,255,255,0,0,0,0,0,0,0,0,0,0,0,0,0,0,0,0,0,0,0,0,0,0,0,0,0,0,0,0,0,0,0,0,0,0,0,0,0,0,0,0,0,0,0,0,0,0,0,0,0,0,0,0,0,255,0,255,
255,0,255,0,0,0,0,0,0,0,0,0,0,0,0,0,0,0,0,0,0,0,0,0,0,0,0,0,0,0,0,0,0,0,0,0,0,0,0,0,0,0,0,0,0,0,0,0,0,0,0,0,0,0,0,0,0,0,0,0,0,0,0,0,0,0,0,0,0,0,255,0,255,
255,0,255,255,0,0,0,0,0,0,0,0,0,0,0,0,0,0,0,0,0,0,0,0,0,0,0,0,0,0,0,0,0,0,0,0,0,0,0,0,0,0,0,0,0,0,0,0,0,0,0,0,0,0,0,0,0,0,0,0,0,0,0,0,0,0,0,0,0,255,255,0,255,
255,0,0,255,255,255,255,255,255,255,255,255,255,255,255,255,255,255,255,255,255,255,255,255,255,255,255,255,255,255,255,255,255,255,255,255,255,255,255,255,255,255,255,255,255,255,255,255,255,255,255,255,255,255,255,255,255,255,255,255,255,255,255,255,255,255,255,255,255,255,0,0,255,
255,255,0,0,0,0,0,0,0,0,0,0,0,0,0,0,0,0,0,0,0,0,0,0,0,0,0,0,0,0,0,0,0,0,0,0,0,0,0,0,0,0,0,0,0,0,0,0,0,0,0,0,0,0,0,0,0,0,0,0,0,0,0,0,0,0,0,0,0,0,0,255,255,
199,255,255,255,255,255,255,255,255,255,255,255,255,255,255,255,255,255,255,255,255,255,255,255,255,255,255,255,255,255,255,255,255,255,255,255,255,255,255,255,255,255,255,255,255,255,255,255,255,255,255,255,255,255,255,255,255,255,255,255,255,255,255,255,255,255,255,255,255,255,255,255,199,


