tiles_combate_e_inventario: .word 16, 608
.byte 190,190,190,190,190,190,190,190,190,190,190,190,190,190,190,190,
182,182,182,182,182,182,182,182,182,182,182,182,182,182,182,182,
182,182,182,182,182,182,182,182,182,182,182,182,182,182,182,182,
182,182,182,182,182,182,182,182,182,182,182,182,182,182,182,182,
190,190,190,190,190,190,190,190,190,190,190,190,190,190,190,190,
182,182,182,182,182,182,182,182,182,182,182,182,182,182,182,182,
182,182,182,182,182,182,182,182,182,182,182,182,182,182,182,182,
182,182,182,182,182,182,182,182,182,182,182,182,182,182,182,182,
190,190,190,190,190,190,190,190,190,190,190,190,190,190,190,190,
182,182,182,182,182,182,182,182,182,182,182,182,182,182,182,182,
182,182,182,182,182,182,182,182,182,182,182,182,182,182,182,182,
182,182,182,182,182,182,182,182,182,182,182,182,182,182,182,182,
190,190,190,190,190,190,190,190,190,190,190,190,190,190,190,190,
182,182,182,182,182,182,182,182,182,182,182,182,182,182,182,182,
182,182,182,182,182,182,182,182,182,182,182,182,182,182,182,182,
182,182,182,182,182,182,182,182,182,182,182,182,182,182,182,182,
190,190,190,190,190,190,190,190,190,190,190,190,190,190,190,190,
182,182,182,182,182,182,182,182,182,182,182,182,182,182,182,182,
182,182,182,182,182,182,182,182,182,182,182,182,182,182,182,182,
190,190,190,190,190,190,190,190,190,190,190,190,190,190,190,190,
182,182,182,182,182,182,182,182,182,182,182,182,182,182,182,182,
190,190,190,190,190,190,190,190,190,190,190,190,190,190,190,190,
182,182,182,182,182,182,182,182,182,182,182,182,182,182,182,182,
190,190,190,190,190,190,190,190,190,190,190,190,190,190,190,190,
190,190,190,190,190,190,190,190,190,190,190,190,190,190,190,190,
190,190,190,190,190,190,190,190,190,190,190,190,190,190,190,190,
190,190,190,190,190,190,190,190,190,190,190,190,190,190,190,190,
190,190,190,190,190,190,190,190,190,190,190,190,190,190,190,190,
190,190,190,190,190,190,190,190,190,190,190,190,190,190,190,190,
190,190,190,190,190,190,190,190,190,190,190,190,190,190,190,190,
190,190,190,190,190,190,190,190,190,190,190,190,190,190,190,190,
190,190,190,190,190,190,190,190,190,190,190,190,190,190,190,190,
190,190,190,190,190,190,190,190,190,190,190,190,190,190,190,190,
190,190,190,190,190,190,190,190,190,190,190,190,190,190,190,190,
190,190,190,190,190,190,190,190,190,190,190,190,190,190,190,190,
190,190,190,190,190,190,190,190,190,190,190,190,190,190,190,190,
190,190,190,190,190,190,190,190,190,190,190,190,190,190,190,190,
190,190,190,190,190,190,190,190,190,190,190,190,190,190,190,190,
190,190,190,190,190,190,190,190,190,190,190,190,190,190,190,190,
190,190,190,190,190,190,190,190,190,190,190,190,190,190,190,190,
190,190,190,190,190,190,190,190,190,190,190,190,190,190,190,190,
190,190,190,190,190,190,190,190,190,190,190,190,190,190,190,190,
190,190,190,190,190,190,190,190,190,190,190,190,190,190,190,190,
190,190,190,190,190,190,190,190,190,190,190,190,190,190,190,190,
190,190,190,190,190,190,190,190,190,190,190,190,190,190,190,190,
190,190,190,190,190,190,190,190,190,190,190,190,190,190,190,190,
190,190,190,190,190,190,190,190,190,190,190,190,190,190,190,190,
190,190,190,190,190,190,190,190,190,190,190,190,190,190,190,190,
190,190,190,190,190,190,190,190,190,190,190,190,190,190,190,190,
190,190,190,190,190,190,190,190,190,190,190,190,190,190,190,190,
190,190,190,190,190,190,190,190,190,190,190,190,190,190,190,190,
190,190,190,190,190,190,190,190,190,190,190,190,190,190,190,190,
190,190,190,190,190,190,190,190,190,190,190,190,190,190,190,190,
190,190,190,190,190,190,190,190,190,190,190,190,190,190,190,190,
190,190,190,190,190,190,190,190,190,190,190,190,190,190,190,180,
190,190,190,190,190,190,190,190,190,190,190,190,190,190,190,180,
190,190,190,190,190,190,190,190,190,190,190,190,190,180,115,115,
190,190,190,190,190,190,190,190,124,124,190,180,115,115,115,115,
190,190,190,190,190,190,190,190,124,189,124,115,115,125,124,124,
190,190,190,190,190,190,180,180,115,124,125,125,124,125,125,125,
190,190,190,190,180,180,189,124,115,115,125,125,125,125,125,125,
190,190,190,180,115,115,115,125,125,124,125,125,125,125,125,125,
190,190,180,115,115,115,115,124,125,125,125,125,125,125,125,125,
190,180,115,115,189,124,124,115,125,125,125,125,125,125,125,125,
190,190,190,190,190,190,190,190,190,190,190,190,190,190,190,190,
190,190,190,190,190,190,190,190,190,190,190,190,190,190,190,190,
190,190,190,190,190,190,190,190,190,190,190,190,190,190,190,190,
190,190,190,190,190,190,180,190,190,190,180,124,190,190,190,190,
190,190,190,190,190,180,125,190,190,190,180,125,124,180,115,115,
190,190,190,190,190,180,125,180,180,180,115,125,125,124,115,115,
180,190,190,180,115,124,125,125,115,115,115,125,125,125,125,124,
125,115,115,115,115,125,125,125,125,124,124,124,125,125,125,125,
125,125,124,115,124,125,125,125,125,125,125,125,125,190,125,125,
125,125,125,124,125,125,125,125,125,125,125,125,125,190,190,125,
125,125,125,125,125,125,125,125,125,125,125,125,125,125,190,190,
125,125,125,125,125,125,125,125,125,125,125,125,125,125,125,190,
125,125,125,125,125,125,125,125,125,125,125,125,125,125,125,125,
125,124,125,125,125,115,125,125,125,124,125,125,125,125,125,125,
125,115,115,125,125,115,125,125,115,115,125,125,125,125,125,125,
125,125,115,115,125,115,125,115,115,125,125,125,125,125,125,125,
190,190,190,190,190,190,190,190,190,190,190,190,124,124,190,190,
180,180,190,190,190,190,190,190,190,190,190,124,125,124,190,190,
180,125,180,190,190,190,190,180,190,190,124,125,125,124,180,180,
180,125,125,180,180,180,115,125,115,115,115,125,125,115,115,125,
115,125,125,125,115,115,124,125,115,115,125,125,125,115,124,125,
115,125,125,125,125,115,125,125,124,124,125,125,125,125,125,125,
124,125,125,125,125,125,125,125,125,125,125,125,125,125,125,125,
125,125,125,125,125,125,125,125,125,125,125,125,125,125,125,125,
125,190,125,125,125,190,125,125,125,125,125,125,125,125,125,125,
125,190,125,125,190,190,125,125,125,125,125,125,125,125,125,125,
125,190,125,190,190,125,125,125,125,125,125,125,125,125,125,125,
125,190,125,190,125,125,125,125,125,125,125,125,125,125,125,125,
125,125,125,125,125,125,125,125,125,125,125,125,125,125,125,125,
125,125,125,125,125,125,125,125,125,125,124,125,125,125,115,125,
125,125,125,125,125,125,125,125,125,125,115,115,125,125,115,125,
125,125,125,125,125,125,125,125,125,125,125,115,115,125,115,125,
190,190,180,124,190,190,190,190,190,190,190,180,124,190,190,190,
190,190,180,125,124,190,190,190,190,190,190,180,125,124,190,190,
115,115,180,125,125,115,115,115,125,115,115,115,125,125,115,115,
115,115,115,125,125,125,115,115,125,125,115,115,125,125,125,115,
124,115,124,125,125,125,125,125,125,125,124,124,125,125,125,124,
125,125,125,125,125,125,125,125,125,125,125,125,125,125,125,125,
125,125,125,125,125,125,125,125,125,125,125,125,125,125,125,125,
125,125,125,125,125,125,125,125,125,125,125,190,125,125,125,190,
125,125,125,125,125,125,125,125,125,125,125,190,190,125,125,190,
125,125,125,125,125,125,125,125,125,125,125,125,190,190,125,190,
125,125,125,125,125,125,125,125,125,125,125,125,125,190,125,190,
125,125,125,125,125,125,125,125,125,125,125,125,125,125,125,125,
125,125,125,125,125,125,125,125,125,125,125,125,125,125,125,125,
125,125,124,125,125,125,125,125,125,125,125,125,125,125,125,125,
125,115,115,125,125,125,125,125,125,125,125,125,125,125,125,125,
115,115,125,125,125,125,125,125,125,125,125,125,125,125,125,125,
190,190,190,124,180,190,190,190,190,190,190,190,124,180,190,190,
190,190,124,125,180,190,190,190,190,190,190,124,125,180,190,190,
115,115,125,125,115,115,115,125,115,115,115,125,125,180,115,115,
115,125,125,125,115,115,125,125,115,115,125,125,125,115,115,115,
124,125,125,125,124,124,125,125,125,125,125,125,125,124,115,124,
125,125,125,125,125,125,125,125,125,125,125,125,125,125,125,125,
125,125,125,125,125,125,125,125,125,125,125,125,125,125,125,125,
190,125,125,125,190,125,125,125,125,125,125,125,125,125,125,125,
190,125,125,190,190,125,125,125,125,125,125,125,125,125,125,125,
190,125,190,190,125,125,125,125,125,125,125,125,125,125,125,125,
190,125,190,125,125,125,125,125,125,125,125,125,125,125,125,125,
125,125,125,125,125,125,125,125,125,125,125,125,125,125,125,125,
125,125,125,125,125,125,125,125,125,125,125,125,125,125,125,125,
125,125,125,125,125,125,125,125,125,125,125,125,125,124,125,125,
125,125,125,125,125,125,125,125,125,125,125,125,125,115,115,125,
125,125,125,125,125,125,125,125,125,125,125,125,125,125,115,115,
190,190,124,124,190,190,190,190,190,190,190,190,190,190,190,190,
190,190,124,125,124,190,190,190,190,190,190,190,190,190,180,180,
180,180,124,125,125,124,190,190,180,190,190,190,190,180,125,180,
125,115,115,125,125,115,115,115,125,115,180,180,180,125,125,180,
125,124,115,125,125,125,115,115,125,124,115,115,125,125,125,115,
125,125,125,125,125,125,124,124,125,125,115,125,125,125,125,115,
125,125,125,125,125,125,125,125,125,125,125,125,125,125,125,124,
125,125,125,125,125,125,125,125,125,125,125,125,125,125,125,125,
125,125,125,125,125,125,125,125,125,125,190,125,125,125,190,125,
125,125,125,125,125,125,125,125,125,125,190,190,125,125,190,125,
125,125,125,125,125,125,125,125,125,125,125,190,190,125,190,125,
125,125,125,125,125,125,125,125,125,125,125,125,190,125,190,125,
125,125,125,125,125,125,125,125,125,125,125,125,125,125,125,125,
125,115,125,125,125,124,125,125,125,125,125,125,125,125,125,125,
125,115,125,125,115,115,125,125,125,125,125,125,125,125,125,125,
125,115,125,115,115,125,125,125,125,125,125,125,125,125,125,125,
190,190,190,190,190,190,190,190,190,190,190,190,190,190,190,190,
190,190,190,190,190,190,190,190,190,190,190,190,190,190,190,190,
190,190,190,190,190,190,190,190,190,190,190,190,190,190,190,190,
190,190,190,190,124,180,190,190,190,180,190,190,190,190,190,190,
115,115,180,124,125,180,190,190,190,190,180,190,190,190,190,190,
115,115,124,125,125,115,180,180,180,125,180,190,190,190,190,190,
124,125,125,125,125,115,115,115,125,125,124,115,180,190,190,180,
125,125,125,125,124,124,124,125,125,125,125,115,115,115,115,125,
125,125,190,125,125,125,125,125,125,125,125,124,115,124,125,125,
125,190,190,125,125,125,125,125,125,125,125,125,124,125,125,125,
190,190,125,125,125,125,125,125,125,125,125,125,125,125,125,125,
190,125,125,125,125,125,125,125,125,125,125,125,125,125,125,125,
125,125,125,125,125,125,125,125,125,125,125,125,125,125,125,125,
125,125,125,125,125,125,125,125,125,125,125,125,125,125,125,125,
125,125,125,125,125,125,124,125,125,125,115,125,125,125,124,125,
125,125,125,125,125,125,115,115,125,125,115,125,125,115,115,125,
190,190,190,190,190,190,190,190,190,190,190,190,190,190,190,190,
190,190,190,190,190,190,190,190,190,190,190,190,190,190,190,190,
190,190,190,190,190,190,190,190,190,190,190,190,190,190,190,190,
190,190,190,190,190,190,190,190,190,190,190,190,190,190,190,190,
190,190,190,190,190,190,190,190,190,190,190,190,190,190,190,190,
190,190,190,190,190,190,190,190,190,190,190,190,190,190,190,190,
180,190,190,190,190,190,190,190,190,190,190,190,190,190,190,190,
180,190,190,190,190,190,190,190,190,190,190,190,190,190,190,190,
115,115,180,190,190,190,190,190,190,190,190,190,190,190,190,190,
115,115,115,115,180,190,124,124,190,190,190,190,190,190,190,190,
124,124,125,115,115,124,189,124,190,190,190,190,190,190,190,190,
125,125,125,124,125,125,124,115,180,180,190,190,190,190,190,190,
125,125,125,125,125,125,115,115,124,189,180,180,190,190,190,190,
125,125,125,125,125,125,124,125,125,115,115,115,180,190,190,190,
125,125,125,125,125,125,125,125,124,115,115,115,115,180,190,190,
125,125,125,125,125,125,125,125,115,124,124,189,115,115,180,190,
190,180,115,115,115,115,124,125,125,125,125,125,125,125,125,125,
190,180,115,115,115,115,115,125,125,125,125,125,125,125,125,125,
190,180,115,115,115,115,115,124,124,125,125,125,124,125,125,125,
190,190,180,115,115,115,115,115,115,125,125,125,124,124,125,125,
190,190,190,180,115,115,115,115,115,115,125,125,115,115,125,125,
190,190,190,190,190,115,115,115,115,115,115,124,115,115,124,125,
190,190,190,190,190,190,180,115,115,115,115,115,115,115,115,125,
190,190,190,190,190,190,190,190,180,115,115,115,115,115,115,115,
190,190,190,190,190,190,190,190,190,190,180,115,115,115,115,115,
190,190,190,190,190,190,190,190,190,190,190,190,180,115,115,115,
190,190,190,190,190,190,190,190,190,190,190,190,190,190,190,180,
190,190,190,190,190,190,190,190,190,190,190,190,190,190,190,190,
190,190,190,190,190,190,190,190,190,190,190,190,190,190,190,190,
190,190,190,190,190,190,190,190,190,190,190,190,190,190,190,190,
190,190,190,190,190,190,190,190,190,190,190,190,190,190,190,190,
190,190,190,190,190,190,190,190,190,190,190,190,190,190,190,190,
125,125,125,115,125,125,125,115,125,125,125,125,125,125,125,125,
125,125,125,125,125,125,125,125,125,125,125,125,125,125,125,125,
125,125,125,125,125,125,125,125,125,125,125,125,125,125,125,125,
125,125,125,125,125,125,125,125,125,125,125,125,125,125,125,124,
125,125,125,125,125,125,125,125,125,125,125,125,125,125,125,115,
125,124,125,125,125,125,125,125,125,125,125,125,125,125,125,125,
125,115,124,125,125,125,124,125,125,125,125,125,125,125,125,125,
125,115,115,124,125,124,115,125,125,125,125,124,125,125,124,125,
115,115,115,115,124,115,115,125,125,125,124,115,125,125,115,124,
115,115,115,115,115,115,115,124,125,124,115,115,125,125,115,115,
115,115,115,115,115,115,115,115,115,115,115,115,115,125,115,115,
190,190,180,180,115,115,115,115,115,115,115,115,115,115,115,115,
190,190,190,190,190,190,190,180,180,115,115,115,115,115,115,115,
190,190,190,190,190,190,190,190,190,190,190,190,180,180,180,115,
190,190,190,190,190,190,190,190,190,190,190,190,190,190,190,190,
190,190,190,190,190,190,190,190,190,190,190,190,190,190,190,190,
125,125,125,125,125,125,125,125,125,125,125,125,115,125,125,125,
125,125,125,125,125,125,125,125,125,125,125,125,125,125,125,125,
125,125,125,125,125,125,125,125,125,125,125,125,125,125,125,125,
125,125,125,115,125,125,125,124,125,125,125,125,125,125,125,125,
115,125,125,115,125,125,115,115,125,125,125,125,125,125,125,125,
115,115,125,115,125,115,115,125,125,125,125,125,125,125,125,125,
125,115,125,125,125,115,125,125,125,125,125,125,125,125,125,125,
125,125,125,125,125,125,125,125,125,125,125,125,125,125,125,125,
125,125,125,125,125,125,125,125,124,125,125,125,125,125,124,125,
124,125,125,125,125,125,125,125,115,124,125,125,125,125,124,115,
115,124,125,125,125,125,125,125,115,115,124,125,125,125,124,115,
115,115,124,125,115,125,125,125,115,115,115,124,125,125,124,115,
115,115,115,115,115,115,124,124,115,115,115,115,124,125,124,115,
115,115,115,115,115,115,115,115,115,115,115,115,115,115,115,115,
190,190,190,180,180,180,180,115,115,115,115,115,115,115,115,115,
190,190,190,190,190,190,190,190,190,190,190,190,190,190,180,180,
115,125,125,125,125,125,125,125,125,125,125,125,125,125,125,125,
125,125,125,125,125,125,125,125,125,125,125,125,125,125,125,125,
125,125,125,190,125,125,125,190,125,125,125,190,125,125,125,125,
125,125,125,190,190,125,125,190,125,125,190,190,125,125,125,125,
125,125,125,125,190,190,125,190,125,190,190,125,125,125,125,125,
125,125,125,125,125,190,125,190,125,190,125,125,125,125,125,125,
125,125,125,125,125,125,125,125,125,125,125,125,125,125,125,125,
125,125,125,125,125,125,125,125,125,125,125,125,125,125,125,125,
125,125,125,125,125,125,125,124,125,125,125,124,125,125,125,125,
125,125,125,125,125,125,124,115,125,125,125,115,124,125,125,125,
115,125,125,125,125,124,115,115,125,125,125,115,115,124,125,125,
115,115,125,125,124,115,115,115,125,124,125,115,115,115,124,125,
115,115,115,125,115,115,115,115,124,115,124,115,115,115,115,124,
115,115,115,115,115,115,115,115,115,115,115,115,115,115,115,115,
115,115,115,115,115,115,115,115,115,115,115,115,115,115,115,115,
180,180,180,115,115,115,115,115,115,115,115,115,115,115,115,115,
125,125,125,125,125,125,125,125,125,125,125,125,125,125,125,115,
125,125,125,125,125,125,125,125,125,125,125,125,125,125,125,125,
125,125,125,125,190,125,125,125,190,125,125,125,190,125,125,125,
125,125,125,125,190,190,125,125,190,125,125,190,190,125,125,125,
125,125,125,125,125,190,190,125,190,125,190,190,125,125,125,125,
125,125,125,125,125,125,190,125,190,125,190,125,125,125,125,125,
125,125,125,125,125,125,125,125,125,125,125,125,125,125,125,125,
125,125,125,125,125,125,125,125,125,125,125,125,125,125,125,125,
125,125,125,125,124,125,125,125,124,125,125,125,125,125,125,125,
125,125,125,124,115,125,125,125,115,124,125,125,125,125,125,125,
125,125,124,115,115,125,125,125,115,115,124,125,125,125,125,115,
125,124,115,115,115,125,124,125,115,115,115,124,125,125,115,115,
124,115,115,115,115,124,115,124,115,115,115,115,125,115,115,115,
115,115,115,115,115,115,115,115,115,115,115,115,115,115,115,115,
115,115,115,115,115,115,115,115,115,115,115,115,115,115,115,115,
115,115,115,115,115,115,115,115,115,115,115,115,115,180,180,180,
125,125,125,115,125,125,125,125,125,125,125,125,125,125,125,125,
125,125,125,125,125,125,125,125,125,125,125,125,125,125,125,125,
125,125,125,125,125,125,125,125,125,125,125,125,125,125,125,125,
125,125,125,125,125,125,125,125,124,125,125,125,115,125,125,125,
125,125,125,125,125,125,125,125,115,115,125,125,115,125,125,115,
125,125,125,125,125,125,125,125,125,115,115,125,115,125,115,115,
125,125,125,125,125,125,125,125,125,125,115,125,125,125,115,125,
125,125,125,125,125,125,125,125,125,125,125,125,125,125,125,125,
125,124,125,125,125,125,125,124,125,125,125,125,125,125,125,125,
115,124,125,125,125,125,124,115,125,125,125,125,125,125,125,124,
115,124,125,125,125,124,115,115,125,125,125,125,125,125,124,115,
115,124,125,125,124,115,115,115,125,125,125,115,125,124,115,115,
115,124,125,124,115,115,115,115,124,124,115,115,115,115,115,115,
115,115,115,115,115,115,115,115,115,115,115,115,115,115,115,115,
115,115,115,115,115,115,115,115,115,180,180,180,180,190,190,190,
180,180,190,190,190,190,190,190,190,190,190,190,190,190,190,190,
125,125,125,125,125,125,125,115,115,125,115,125,115,115,125,125,
125,125,125,125,125,125,125,125,115,125,125,125,115,125,125,125,
125,125,125,125,125,125,125,125,125,125,125,125,125,125,125,125,
124,125,125,125,125,125,125,125,125,125,125,125,125,125,125,125,
115,125,125,125,125,125,125,125,125,125,125,125,125,125,125,125,
125,125,125,125,125,125,125,125,125,125,125,125,125,125,124,125,
125,125,125,125,125,125,125,125,125,124,125,125,125,124,115,125,
125,124,125,125,124,125,125,125,125,115,124,125,124,115,115,125,
124,115,125,125,115,124,125,125,125,115,115,124,115,115,115,115,
115,115,125,125,115,115,124,125,124,115,115,115,115,115,115,115,
115,115,125,115,115,115,115,115,115,115,115,115,115,115,115,115,
115,115,115,115,115,115,115,115,115,115,115,115,180,180,190,190,
115,115,115,115,115,115,115,180,180,190,190,190,190,190,190,190,
115,180,180,180,190,190,190,190,190,190,190,190,190,190,190,190,
190,190,190,190,190,190,190,190,190,190,190,190,190,190,190,190,
190,190,190,190,190,190,190,190,190,190,190,190,190,190,190,190,
125,125,125,125,125,125,125,125,125,124,115,115,115,115,180,190,
125,125,125,125,125,125,125,125,125,115,115,115,115,115,180,190,
125,125,125,124,125,125,125,124,124,115,115,115,115,115,180,190,
125,125,124,124,125,125,125,115,115,115,115,115,115,180,190,190,
125,125,115,115,125,125,115,115,115,115,115,115,180,190,190,190,
125,124,115,115,124,115,115,115,115,115,115,190,190,190,190,190,
125,115,115,115,115,115,115,115,115,180,190,190,190,190,190,190,
115,115,115,115,115,115,115,180,190,190,190,190,190,190,190,190,
115,115,115,115,115,180,190,190,190,190,190,190,190,190,190,190,
115,115,115,180,190,190,190,190,190,190,190,190,190,190,190,190,
180,190,190,190,190,190,190,190,190,190,190,190,190,190,190,190,
190,190,190,190,190,190,190,190,190,190,190,190,190,190,190,190,
190,190,190,190,190,190,190,190,190,190,190,190,190,190,190,190,
190,190,190,190,190,190,190,190,190,190,190,190,190,190,190,190,
190,190,190,190,190,190,190,190,190,190,190,190,190,190,190,190,
190,190,190,190,190,190,190,190,190,190,190,190,190,190,190,190,
199,199,199,90,90,90,90,90,90,90,90,90,90,90,90,90,
199,199,90,90,90,90,90,90,90,90,90,90,90,90,90,90,
199,90,90,90,90,28,109,109,109,109,109,109,109,109,109,109,
90,90,90,90,109,109,109,109,109,109,109,109,109,109,109,109,
90,90,90,109,109,109,109,109,109,109,109,109,109,109,109,109,
90,90,28,109,109,109,109,246,246,246,246,246,246,246,246,246,
90,90,109,109,109,109,246,246,246,246,246,246,246,246,246,246,
90,90,109,109,109,109,246,246,255,255,255,255,255,255,255,255,
90,90,109,109,109,109,246,246,255,255,255,255,255,255,255,255,
90,90,109,109,109,109,246,246,255,255,255,255,255,255,255,255,
90,90,109,109,109,109,246,246,255,255,255,255,255,255,255,255,
90,90,109,109,109,109,246,246,255,255,255,255,255,255,255,255,
90,90,109,109,109,109,246,246,255,255,255,255,255,255,255,255,
90,90,109,109,109,109,246,246,255,255,255,255,255,255,255,255,
90,90,109,109,109,109,246,246,255,255,255,255,255,255,255,255,
90,90,109,109,109,109,246,246,255,255,255,255,255,255,255,255,
90,90,90,90,90,90,90,90,90,90,90,90,90,90,90,90,
90,90,90,90,90,90,90,90,90,90,90,90,90,90,90,90,
109,109,109,109,109,109,109,109,109,109,109,109,109,109,109,109,
109,109,109,109,109,109,109,109,109,109,109,109,109,109,109,109,
109,109,109,109,109,109,109,109,109,109,109,109,109,109,109,109,
246,246,246,246,246,246,246,246,246,246,246,246,246,246,246,246,
246,246,246,246,246,246,246,246,246,246,246,246,246,246,246,246,
255,255,255,255,255,255,255,255,255,255,255,255,255,255,255,255,
255,255,255,255,255,255,255,255,255,255,255,255,255,255,255,255,
255,255,255,255,255,255,255,255,255,255,255,255,255,255,255,255,
255,255,255,255,255,255,255,255,255,255,255,255,255,255,255,255,
255,255,255,255,255,255,255,255,255,255,255,255,255,255,255,255,
255,255,255,255,255,255,255,255,255,255,255,255,255,255,255,255,
255,255,255,255,255,255,255,255,255,255,255,255,255,255,255,255,
255,255,255,255,255,255,255,255,255,255,255,255,255,255,255,255,
255,255,255,255,255,255,255,255,255,255,255,255,255,255,255,255,
90,90,90,90,90,90,90,90,90,90,90,90,90,90,90,90,
90,90,90,90,90,90,90,90,90,90,90,90,90,90,90,90,
109,109,109,109,109,109,109,109,109,109,109,109,109,109,109,109,
109,109,109,109,109,109,109,109,109,109,109,109,109,109,109,109,
109,109,109,109,109,109,109,109,109,109,109,109,109,109,109,109,
246,109,109,109,109,109,109,246,246,246,246,246,246,246,246,246,
246,246,109,109,109,109,246,246,246,246,246,246,246,246,246,246,
246,246,109,109,109,109,246,246,255,255,255,255,255,255,255,255,
246,246,109,109,109,109,246,246,255,255,255,255,255,255,255,255,
246,246,109,109,109,109,246,246,255,255,255,255,255,255,255,255,
246,246,109,109,109,109,246,246,255,255,255,255,255,255,255,255,
246,246,109,109,109,109,246,246,255,255,255,255,255,255,255,255,
246,246,109,109,109,109,246,246,255,255,255,255,255,255,255,255,
246,246,109,109,109,109,246,246,255,255,255,255,255,255,255,255,
246,246,109,109,109,109,246,246,255,255,255,255,255,255,255,255,
246,246,109,109,109,109,246,246,255,255,255,255,255,255,255,255,
90,90,90,90,90,90,90,90,90,90,90,90,90,199,199,199,
90,90,90,90,90,90,90,90,90,90,90,90,90,90,199,199,
109,109,109,109,109,109,109,109,109,109,28,90,90,90,90,199,
109,109,109,109,109,109,109,109,109,109,109,109,90,90,90,90,
109,109,109,109,109,109,109,109,109,109,109,109,109,90,90,90,
246,246,246,246,246,246,246,246,246,109,109,109,109,28,90,90,
246,246,246,246,246,246,246,246,246,246,109,109,109,109,90,90,
255,255,255,255,255,255,255,255,246,246,109,109,109,109,90,90,
255,255,255,255,255,255,255,255,246,246,109,109,109,109,90,90,
255,255,255,255,255,255,255,255,246,246,109,109,109,109,90,90,
255,255,255,255,255,255,255,255,246,246,109,109,109,109,90,90,
255,255,255,255,255,255,255,255,246,246,109,109,109,109,90,90,
255,255,255,255,255,255,255,255,246,246,109,109,109,109,90,90,
255,255,255,255,255,255,255,255,246,246,109,109,109,109,90,90,
255,255,255,255,255,255,255,255,246,246,109,109,109,109,90,90,
255,255,255,255,255,255,255,255,246,246,109,109,109,109,90,90,
90,90,109,109,109,109,246,246,255,255,255,255,255,255,255,255,
90,90,109,109,109,109,246,246,255,255,255,255,255,255,255,255,
90,90,109,109,109,109,246,246,255,255,255,255,255,255,255,255,
90,90,109,109,109,109,246,246,255,255,255,255,255,255,255,255,
90,90,109,109,109,109,246,246,255,255,255,255,255,255,255,255,
90,90,109,109,109,109,246,246,255,255,255,255,255,255,255,255,
90,90,109,109,109,109,246,246,255,255,255,255,255,255,255,255,
90,90,109,109,109,109,246,246,255,255,255,255,255,255,255,255,
90,90,109,109,109,109,246,246,255,255,255,255,255,255,255,255,
90,90,109,109,109,109,246,246,255,255,255,255,255,255,255,255,
90,90,109,109,109,109,246,246,255,255,255,255,255,255,255,255,
90,90,109,109,109,109,246,246,255,255,255,255,255,255,255,255,
90,90,109,109,109,109,246,246,255,255,255,255,255,255,255,255,
90,90,109,109,109,109,246,246,255,255,255,255,255,255,255,255,
90,90,109,109,109,109,246,246,255,255,255,255,255,255,255,255,
90,90,109,109,109,109,246,246,255,255,255,255,255,255,255,255,
255,255,255,255,255,255,255,255,255,255,255,255,255,255,255,255,
255,255,255,255,255,255,255,255,255,255,255,255,255,255,255,255,
255,255,255,255,255,255,255,255,255,255,255,255,255,255,255,255,
255,255,255,255,255,255,255,255,255,255,255,255,255,255,255,255,
255,255,255,255,255,255,255,255,255,255,255,255,255,255,255,255,
255,255,255,255,255,255,255,255,255,255,255,255,255,255,255,255,
255,255,255,255,255,255,255,255,255,255,255,255,255,255,255,255,
255,255,255,255,255,255,255,255,255,255,255,255,255,255,255,255,
255,255,255,255,255,255,255,255,255,255,255,255,255,255,255,255,
255,255,255,255,255,255,255,255,255,255,255,255,255,255,255,255,
255,255,255,255,255,255,255,255,255,255,255,255,255,255,255,255,
255,255,255,255,255,255,255,255,255,255,255,255,255,255,255,255,
255,255,255,255,255,255,255,255,255,255,255,255,255,255,255,255,
255,255,255,255,255,255,255,255,255,255,255,255,255,255,255,255,
255,255,255,255,255,255,255,255,255,255,255,255,255,255,255,255,
255,255,255,255,255,255,255,255,255,255,255,255,255,255,255,255,
246,246,109,109,109,109,246,246,255,255,255,255,255,255,255,255,
246,246,109,109,109,109,246,246,255,255,255,255,255,255,255,255,
246,246,109,109,109,109,246,246,255,255,255,255,255,255,255,255,
246,246,109,109,109,109,246,246,255,255,255,255,255,255,255,255,
246,246,109,109,109,109,246,246,255,255,255,255,255,255,255,255,
246,246,109,109,109,109,246,246,255,255,255,255,255,255,255,255,
246,246,109,109,109,109,246,246,255,255,255,255,255,255,255,255,
246,246,109,109,109,109,246,246,255,255,255,255,255,255,255,255,
246,246,109,109,109,109,246,246,255,255,255,255,255,255,255,255,
246,246,109,109,109,109,246,246,255,255,255,255,255,255,255,255,
246,246,109,109,109,109,246,246,255,255,255,255,255,255,255,255,
246,246,109,109,109,109,246,246,255,255,255,255,255,255,255,255,
246,246,109,109,109,109,246,246,255,255,255,255,255,255,255,255,
246,246,109,109,109,109,246,246,255,255,255,255,255,255,255,255,
246,246,109,109,109,109,246,246,255,255,255,255,255,255,255,255,
246,246,109,109,109,109,246,246,255,255,255,255,255,255,255,255,
255,255,255,255,255,255,255,255,246,246,109,109,109,109,90,90,
255,255,255,255,255,255,255,255,246,246,109,109,109,109,90,90,
255,255,255,255,255,255,255,255,246,246,109,109,109,109,90,90,
255,255,255,255,255,255,255,255,246,246,109,109,109,109,90,90,
255,255,255,255,255,255,255,255,246,246,109,109,109,109,90,90,
255,255,255,255,255,255,255,255,246,246,109,109,109,109,90,90,
255,255,255,255,255,255,255,255,246,246,109,109,109,109,90,90,
255,255,255,255,255,255,255,255,246,246,109,109,109,109,90,90,
255,255,255,255,255,255,255,255,246,246,109,109,109,109,90,90,
255,255,255,255,255,255,255,255,246,246,109,109,109,109,90,90,
255,255,255,255,255,255,255,255,246,246,109,109,109,109,90,90,
255,255,255,255,255,255,255,255,246,246,109,109,109,109,90,90,
255,255,255,255,255,255,255,255,246,246,109,109,109,109,90,90,
255,255,255,255,255,255,255,255,246,246,109,109,109,109,90,90,
255,255,255,255,255,255,255,255,246,246,109,109,109,109,90,90,
255,255,255,255,255,255,255,255,246,246,109,109,109,109,90,90,
90,90,109,109,109,109,246,246,255,255,255,255,255,255,255,255,
90,90,109,109,109,109,246,246,255,255,255,255,255,255,255,255,
90,90,109,109,109,109,246,246,255,255,255,255,255,255,255,255,
90,90,109,109,109,109,246,246,255,255,255,255,255,255,255,255,
90,90,109,109,109,109,246,246,255,255,255,255,255,255,255,255,
90,90,109,109,109,109,246,246,255,255,255,255,255,255,255,255,
90,90,109,109,109,109,246,246,255,255,255,255,255,255,255,255,
90,90,109,109,109,109,246,246,255,255,255,255,255,255,255,255,
90,90,109,109,109,109,246,246,255,255,255,255,255,255,255,255,
90,90,109,109,109,109,246,246,246,246,246,246,246,246,246,246,
90,90,28,109,109,109,109,246,246,246,246,246,246,246,246,246,
90,90,90,109,109,109,109,109,109,109,109,109,109,109,109,109,
90,90,90,90,109,109,109,109,109,109,109,109,109,109,109,109,
199,90,90,90,90,28,109,109,109,109,109,109,109,109,109,109,
199,199,90,90,90,90,90,90,90,90,90,90,90,90,90,90,
199,199,199,90,90,90,90,90,90,90,90,90,90,90,90,90,
255,255,255,255,255,255,255,255,255,255,255,255,255,255,255,255,
255,255,255,255,255,255,255,255,255,255,255,255,255,255,255,255,
255,255,255,255,255,255,255,255,255,255,255,255,255,255,255,255,
255,255,255,255,255,255,255,255,255,255,255,255,255,255,255,255,
255,255,255,255,255,255,255,255,255,255,255,255,255,255,255,255,
255,255,255,255,255,255,255,255,255,255,255,255,255,255,255,255,
255,255,255,255,255,255,255,255,255,255,255,255,255,255,255,255,
255,255,255,255,255,255,255,255,255,255,255,255,255,255,255,255,
255,255,255,255,255,255,255,255,255,255,255,255,255,255,255,255,
246,246,246,246,246,246,246,246,246,246,246,246,246,246,246,246,
246,246,246,246,246,246,246,246,246,246,246,246,246,246,246,246,
109,109,109,109,109,109,109,109,109,109,109,109,109,109,109,109,
109,109,109,109,109,109,109,109,109,109,109,109,109,109,109,109,
109,109,109,109,109,109,109,109,109,109,109,109,109,109,109,109,
90,90,90,90,90,90,90,90,90,90,90,90,90,90,90,90,
90,90,90,90,90,90,90,90,90,90,90,90,90,90,90,90,
246,246,109,109,109,109,246,246,255,255,255,255,255,255,255,255,
246,246,109,109,109,109,246,246,255,255,255,255,255,255,255,255,
246,246,109,109,109,109,246,246,255,255,255,255,255,255,255,255,
246,246,109,109,109,109,246,246,255,255,255,255,255,255,255,255,
246,246,109,109,109,109,246,246,255,255,255,255,255,255,255,255,
246,246,109,109,109,109,246,246,255,255,255,255,255,255,255,255,
246,246,109,109,109,109,246,246,255,255,255,255,255,255,255,255,
246,246,109,109,109,109,246,246,255,255,255,255,255,255,255,255,
246,246,109,109,109,109,246,246,255,255,255,255,255,255,255,255,
246,246,109,109,109,109,246,246,246,246,246,246,246,246,246,246,
246,109,109,109,109,109,109,246,246,246,246,246,246,246,246,246,
109,109,109,109,109,109,109,109,109,109,109,109,109,109,109,109,
109,109,109,109,109,109,109,109,109,109,109,109,109,109,109,109,
109,109,109,109,109,109,109,109,109,109,109,109,109,109,109,109,
90,90,90,90,90,90,90,90,90,90,90,90,90,90,90,90,
90,90,90,90,90,90,90,90,90,90,90,90,90,90,90,90,
255,255,255,255,255,255,255,255,246,246,109,109,109,109,90,90,
255,255,255,255,255,255,255,255,246,246,109,109,109,109,90,90,
255,255,255,255,255,255,255,255,246,246,109,109,109,109,90,90,
255,255,255,255,255,255,255,255,246,246,109,109,109,109,90,90,
255,255,255,255,255,255,255,255,246,246,109,109,109,109,90,90,
255,255,255,255,255,255,255,255,246,246,109,109,109,109,90,90,
255,255,255,255,255,255,255,255,246,246,109,109,109,109,90,90,
255,255,255,255,255,255,255,255,246,246,109,109,109,109,90,90,
255,255,255,255,255,255,255,255,246,246,109,109,109,109,90,90,
246,246,246,246,246,246,246,246,246,246,109,109,109,109,90,90,
246,246,246,246,246,246,246,246,246,109,109,109,109,28,90,90,
109,109,109,109,109,109,109,109,109,109,109,109,109,90,90,90,
109,109,109,109,109,109,109,109,109,109,109,109,90,90,90,90,
109,109,109,109,109,109,109,109,109,109,28,90,90,90,90,199,
90,90,90,90,90,90,90,90,90,90,90,90,90,90,199,199,
90,90,90,90,90,90,90,90,90,90,90,90,90,199,199,199,
199,199,90,90,90,90,90,90,90,90,90,90,90,90,90,90,
199,199,90,90,90,82,82,82,82,82,82,90,90,90,90,90,
90,90,90,82,82,82,21,21,21,21,82,82,82,109,109,109,
90,90,82,82,21,21,21,21,21,21,21,21,82,82,109,109,
90,82,82,21,21,21,21,21,21,21,21,21,21,82,82,109,
90,82,21,21,21,21,21,21,21,21,21,21,21,21,82,246,
82,82,21,21,21,21,82,82,82,82,21,21,21,21,82,82,
82,82,21,21,21,82,82,173,173,82,82,21,21,21,82,82,
82,82,82,82,82,82,173,173,173,173,82,82,82,82,82,82,
82,82,173,173,173,82,82,173,173,82,82,173,173,173,82,82,
82,82,173,173,173,173,82,82,82,82,173,173,173,173,82,82,
90,82,173,173,173,173,173,173,173,173,173,173,173,173,82,255,
90,82,82,173,173,173,173,173,173,173,173,173,173,82,82,255,
90,90,82,82,173,173,173,173,173,173,173,173,82,82,255,255,
90,90,109,82,82,82,173,173,173,173,82,82,82,255,255,255,
90,90,109,109,109,82,82,82,82,82,82,255,255,255,255,255,
246,246,109,109,109,109,246,246,255,255,255,255,255,255,255,255,
246,246,109,109,109,109,246,246,255,255,255,255,255,255,255,255,
246,246,109,109,109,109,246,246,255,255,255,255,255,255,255,255,
246,246,109,109,109,109,246,246,255,255,255,255,255,255,255,255,
246,246,109,109,109,109,246,246,255,255,255,255,255,255,255,255,
246,246,109,109,109,109,246,246,255,255,255,255,255,255,255,255,
246,246,109,109,109,109,246,246,255,255,255,255,255,255,255,255,
246,246,109,109,109,109,246,246,255,255,255,255,255,255,255,255,
246,246,109,109,109,109,246,246,255,255,255,255,255,255,255,255,
246,246,109,109,109,109,246,246,255,255,255,255,255,255,255,255,
246,109,109,109,109,109,246,246,255,255,255,255,255,255,255,255,
109,109,109,109,109,109,246,246,255,255,255,255,255,255,255,255,
109,109,109,109,109,109,246,246,255,255,255,255,255,255,255,255,
109,109,109,109,109,109,246,246,255,255,255,255,255,255,255,255,
90,90,109,109,109,109,246,246,255,255,255,255,255,255,255,255,
90,90,109,109,109,109,246,246,255,255,255,255,255,255,255,255,
255,255,255,255,255,255,255,255,255,255,255,255,255,255,255,255,
255,255,255,255,255,255,255,255,255,255,255,255,255,255,255,255,
255,255,255,255,255,255,255,255,255,255,255,255,255,255,255,255,
255,255,255,255,255,255,255,255,255,255,255,255,255,255,255,255,
255,255,255,255,255,255,255,255,255,255,255,255,255,255,255,255,
246,246,246,246,246,246,255,255,246,246,246,246,246,246,255,255,
246,246,246,246,246,246,255,255,246,246,246,246,246,246,255,255,
255,255,255,255,255,255,255,255,255,255,255,255,255,255,255,255,
255,255,255,255,255,255,255,255,255,255,255,255,255,255,255,255,
255,255,255,255,255,255,255,255,255,255,255,255,255,255,255,255,
255,255,255,255,255,255,255,255,255,255,255,255,255,255,255,255,
255,255,255,255,255,255,255,255,255,255,255,255,255,255,255,255,
255,255,255,255,255,255,255,255,255,255,255,255,255,255,255,255,
255,255,255,255,255,255,255,255,255,255,255,255,255,255,255,255,
255,255,255,255,255,255,255,255,255,255,255,255,255,255,255,255,
255,255,255,255,255,255,255,255,255,255,255,255,255,255,255,255,
255,255,255,255,255,255,255,255,246,246,109,109,109,109,90,90,
255,255,255,255,255,255,255,255,246,246,109,109,109,109,90,90,
255,255,255,255,255,255,255,255,246,246,109,109,109,109,90,90,
255,255,255,255,255,255,255,255,246,246,109,109,109,109,90,90,
255,255,255,255,255,255,255,255,246,246,109,109,109,109,90,90,
246,246,246,246,246,255,255,255,246,246,109,109,109,109,90,90,
246,246,246,246,246,255,255,255,246,246,109,109,109,109,90,90,
255,255,255,255,255,255,255,255,246,246,109,109,109,109,90,90,
255,255,255,255,255,255,255,255,246,246,109,109,109,109,90,90,
255,255,255,255,255,255,255,255,246,246,109,109,109,109,90,90,
255,255,255,255,255,255,255,255,246,246,109,109,109,109,90,90,
255,255,255,255,255,255,255,255,246,246,109,109,109,109,90,90,
255,255,255,255,255,255,255,255,246,246,109,109,109,109,90,90,
255,255,255,255,255,255,255,255,246,246,109,109,109,109,90,90,
255,255,255,255,255,255,255,255,246,246,109,109,109,109,90,90,
255,255,255,255,255,255,255,255,246,246,109,109,109,109,90,90,
182,182,182,182,182,182,182,182,182,182,182,182,182,182,182,182,
182,182,182,182,182,182,182,182,182,182,182,182,182,182,182,182,
182,182,182,182,182,182,182,182,182,182,182,182,182,182,182,182,
182,182,182,182,182,182,182,182,182,182,182,182,182,182,182,182,
182,182,182,182,182,182,182,182,182,182,182,182,182,182,182,182,
182,182,182,182,182,182,182,182,182,182,182,182,182,182,182,182,
182,182,182,182,182,182,182,182,182,182,182,182,182,182,182,182,
182,182,182,182,182,182,182,182,182,182,182,182,182,182,182,182,
182,182,182,182,182,182,182,182,182,182,182,182,182,182,182,182,
182,182,182,182,182,182,182,182,182,182,182,182,182,182,182,182,
182,182,182,182,182,182,182,182,182,182,182,182,182,182,182,182,
182,182,182,182,182,182,182,182,182,182,182,182,182,182,182,182,
182,182,182,182,182,182,182,182,182,182,182,182,182,182,182,182,
182,182,182,182,182,182,182,182,182,182,182,182,182,182,182,182,
182,182,182,182,182,182,182,182,182,182,182,182,182,182,182,182,
182,182,182,182,182,182,182,182,182,182,182,182,182,182,182,182,
182,182,182,182,182,182,182,182,182,182,182,182,182,182,182,182,
182,182,182,182,182,182,182,182,182,182,182,182,182,182,182,182,
182,182,182,182,182,182,182,182,182,182,182,182,182,182,182,182,
182,182,182,182,182,182,182,182,182,182,182,182,182,182,182,182,
182,182,182,182,182,182,182,182,182,182,182,182,182,182,182,182,
182,182,182,182,182,182,182,182,182,182,182,182,182,182,182,182,
182,182,182,182,182,182,182,182,182,182,182,182,182,182,182,182,
182,182,182,182,182,182,182,182,182,182,182,182,182,182,182,182,
199,182,182,182,182,182,182,182,182,182,182,182,182,182,182,182,
199,182,182,182,182,182,182,182,182,182,182,182,182,182,182,182,
199,199,182,182,182,182,182,182,182,182,182,182,182,182,182,182,
199,199,182,182,182,182,182,182,182,182,182,182,182,182,182,182,
199,199,199,182,182,182,182,182,182,182,182,182,182,182,182,182,
199,199,199,199,182,182,182,182,182,182,182,182,182,182,182,182,
199,199,199,199,199,199,182,182,182,182,182,182,182,182,182,182,
199,199,199,199,199,199,199,182,182,182,182,182,182,182,182,182,
182,182,182,182,182,182,182,182,182,182,182,182,182,182,182,182,
182,182,182,182,182,182,182,182,182,182,182,182,182,182,182,182,
182,182,182,182,182,182,182,182,182,182,182,182,182,182,182,182,
182,182,182,182,182,182,182,182,182,182,182,182,182,182,182,182,
182,182,182,182,182,182,182,182,182,182,182,182,182,182,182,182,
182,182,182,182,182,182,182,182,182,182,182,182,182,182,182,182,
182,182,182,182,182,182,182,182,182,182,182,182,182,182,182,182,
182,182,182,182,182,182,182,182,182,182,182,182,182,182,182,182,
182,182,182,182,182,182,182,182,182,182,182,182,182,182,182,199,
182,182,182,182,182,182,182,182,182,182,182,182,182,182,182,199,
182,182,182,182,182,182,182,182,182,182,182,182,182,182,199,199,
182,182,182,182,182,182,182,182,182,182,182,182,182,182,199,199,
182,182,182,182,182,182,182,182,182,182,182,182,182,199,199,199,
182,182,182,182,182,182,182,182,182,182,182,182,199,199,199,199,
182,182,182,182,182,182,182,182,182,182,199,199,199,199,199,199,
182,182,182,182,182,182,182,182,182,199,199,199,199,199,199,199,


