matriz_tiles_casa_red: .word 22, 17
.byte -1,-1,-1,-1,-1,-1,-1,-1,-1,-1,-1,-1,-1,-1,-1,-1,-1,-1,-1,-1,-1,-1,
-1,0,0,0,0,0,0,0,0,0,0,0,0,0,0,0,0,0,0,0,0,-1,
-1,0,0,0,0,0,0,0,0,0,0,0,0,0,0,0,0,0,0,0,0,-1,
-1,0,0,0,0,0,0,0,0,0,0,0,0,0,0,0,0,0,0,0,0,-1,
-1,0,0,0,0,1,2,2,2,2,3,4,5,2,2,6,7,0,0,0,0,-1,
-1,0,0,0,0,8,9,10,11,11,12,13,14,11,11,15,16,0,0,0,0,-1
-1,0,0,0,0,17,18,19,20,20,21,20,20,20,20,22,23,0,0,0,0,-1
-1,0,0,0,0,20,24,24,25,26,26,26,26,27,24,24,24,0,0,0,0,-1
-1,0,0,0,0,20,24,24,28,29,30,31,32,33,24,24,24,0,0,0,0,-1
-1,0,0,0,0,20,24,24,28,29,44,45,32,33,24,24,24,0,0,0,0,-1
-1,0,0,0,0,34,24,24,35,36,36,36,36,37,24,24,38,0,0,0,0,-1
-1,0,0,0,0,39,24,24,24,24,24,24,24,24,24,24,40,0,0,0,0,-1
-1,0,0,0,0,20,24,41,42,43,24,24,24,24,24,24,24,0,0,0,0,-1
-1,0,0,0,0,0,0,0,0,0,0,0,0,0,0,0,0,0,0,0,0,-1,
-1,0,0,0,0,0,0,0,0,0,0,0,0,0,0,0,0,0,0,0,0,-1,
-1,0,0,0,0,0,0,0,0,0,0,0,0,0,0,0,0,0,0,0,0,-1,
-1,-1,-1,-1,-1,-1,-1,-1,-1,-1,-1,-1,-1,-1,-1,-1,-1,-1,-1,-1,-1,-1,

