matriz_tiles_casa_red: .word 22, 17
.byte -1,-1,-1,-1,-1,-1,-1,-1,-1,-1,-1,-1,-1,-1,-1,-1,-1,-1,-1,-1,-1,-1,
-1,0,0,0,0,0,0,0,0,0,0,0,0,0,0,0,0,0,0,0,0,-1,
-1,0,0,0,0,0,0,0,0,0,0,0,0,0,0,0,0,0,0,0,0,-1,
-1,0,0,0,0,0,0,0,0,0,0,0,0,0,0,0,0,0,0,0,0,-1,
-1,0,0,0,0,1,2,2,3,4,2,2,2,2,2,5,2,0,0,0,0,-1,
-1,0,0,0,0,6,7,8,9,10,11,11,12,11,11,13,11,0,0,0,0,-1
-1,0,0,0,0,14,15,16,17,18,19,19,20,21,22,19,19,0,0,0,0,-1
-1,0,0,0,0,19,23,23,23,23,23,23,24,25,26,23,23,0,0,0,0,-1
-1,0,0,0,0,19,23,23,27,30,33,30,37,23,23,23,23,0,0,0,0,-1
-1,0,0,0,0,19,40,42,28,31,34,31,38,23,23,23,23,0,0,0,0,-1
-1,0,0,0,0,19,41,43,28,31,35,31,38,23,23,23,23,0,0,0,0,-1
-1,0,0,0,0,19,23,23,29,32,32,32,39,23,23,23,23,0,0,0,0,-1
-1,0,0,0,0,19,23,23,23,23,23,23,23,23,23,23,23,0,0,0,0,-1
-1,0,0,0,0,0,0,0,0,0,0,0,0,0,0,0,0,0,0,0,0,-1,
-1,0,0,0,0,0,0,0,0,0,0,0,0,0,0,0,0,0,0,0,0,-1,
-1,0,0,0,0,0,0,0,0,0,0,0,0,0,0,0,0,0,0,0,0,-1,
-1,-1,-1,-1,-1,-1,-1,-1,-1,-1,-1,-1,-1,-1,-1,-1,-1,-1,-1,-1,-1,-1,

