matriz_tiles_sala_red: .word 22, 17
.byte -1,-1,-1,-1,-1,-1,-1,-1,-1,-1,-1,-1,-1,-1,-1,-1,-1,-1,-1,-1,-1,-1,
-1,0,0,0,0,0,0,0,0,0,0,0,0,0,0,0,0,0,0,0,0,-1,
-1,0,0,0,0,0,0,0,0,0,0,0,0,0,0,0,0,0,0,0,0,-1,
-1,0,0,0,0,0,0,0,0,0,0,0,0,0,0,0,0,0,0,0,0,-1,
-1,0,0,0,0,2,2,44,45,2,46,47,48,2,2,2,2,0,0,0,0,-1,
-1,0,0,0,0,49,50,51,52,11,53,54,55,11,11,56,57,0,0,0,0,-1
-1,0,0,0,0,58,59,60,61,19,62,19,19,19,22,63,64,0,0,0,0,-1
-1,0,0,0,0,19,23,23,27,30,30,30,30,37,65,66,67,0,0,0,0,-1
-1,0,0,0,0,19,23,23,28,68,69,70,71,38,23,23,23,0,0,0,0,-1
-1,0,0,0,0,19,23,23,28,68,82,83,71,38,23,23,23,0,0,0,0,-1
-1,0,0,0,0,72,23,23,29,32,32,32,32,39,23,23,74,0,0,0,0,-1
-1,0,0,0,0,73,23,23,23,23,23,23,23,23,23,23,75,0,0,0,0,-1
-1,0,0,0,0,19,23,76,77,78,23,23,23,23,23,23,23,0,0,0,0,-1
-1,0,0,0,0,0,0,79,80,81,0,0,0,0,0,0,0,0,0,0,0,-1,
-1,0,0,0,0,0,0,0,0,0,0,0,0,0,0,0,0,0,0,0,0,-1,
-1,0,0,0,0,0,0,0,0,0,0,0,0,0,0,0,0,0,0,0,0,-1,
-1,-1,-1,-1,-1,-1,-1,-1,-1,-1,-1,-1,-1,-1,-1,-1,-1,-1,-1,-1,-1,-1,

