intro_red: .word 73, 258
.byte 254,254,254,254,254,254,254,254,254,254,254,254,254,254,254,254,254,254,254,254,254,254,254,254,254,254,254,254,254,254,254,254,254,254,254,254,254,254,254,254,254,254,254,254,254,254,254,254,254,254,254,254,254,254,254,254,254,254,254,254,254,254,254,254,254,254,254,254,254,254,254,254,254,
254,254,254,254,254,254,254,254,254,254,254,254,254,254,254,254,254,254,254,254,254,254,254,254,254,254,254,254,254,254,254,254,254,254,254,254,254,254,254,254,254,254,254,254,254,254,254,254,254,254,254,254,254,254,254,254,254,254,254,254,254,254,254,254,254,254,254,254,254,254,254,254,254,
254,254,254,254,254,254,254,254,254,254,254,254,254,254,254,254,254,254,254,254,254,254,254,254,254,254,254,254,254,254,254,254,254,254,254,254,254,254,254,254,254,254,254,254,254,254,254,254,254,254,254,254,254,254,254,254,254,254,254,254,254,254,254,254,254,254,254,254,254,254,254,254,254,
254,254,254,254,254,254,254,254,254,254,254,254,254,254,254,254,254,254,254,254,254,254,254,254,254,254,254,254,254,254,254,254,254,254,254,254,254,254,254,254,254,254,254,254,254,254,254,254,254,254,254,254,254,254,254,254,254,254,254,254,254,254,254,254,254,254,254,254,254,254,254,254,254,
254,254,254,254,254,254,254,254,254,254,254,254,254,254,254,254,254,254,254,254,254,254,254,254,254,254,254,254,254,254,254,254,254,254,254,254,254,254,254,254,0,0,0,0,0,0,0,254,254,254,254,254,254,254,254,254,254,254,254,254,254,254,254,254,254,254,254,254,254,254,254,254,254,
254,254,254,254,254,254,254,254,254,254,254,254,254,254,254,254,254,254,254,254,254,254,254,254,254,254,254,254,254,254,254,254,254,254,254,254,254,254,254,254,0,0,0,0,0,0,0,254,254,254,254,254,254,254,254,254,254,254,254,254,254,254,254,254,254,254,254,254,254,254,254,254,254,
254,254,254,254,254,254,254,254,254,254,254,254,254,254,254,254,254,254,254,254,254,254,254,254,254,254,254,254,254,254,254,254,254,254,254,254,254,0,0,0,0,0,0,0,0,0,0,0,0,0,0,254,254,254,254,254,254,254,254,254,254,254,254,254,254,254,254,254,254,254,254,254,254,
254,254,254,254,254,254,254,254,254,254,254,254,254,254,254,254,254,254,254,254,254,254,254,254,254,254,254,254,254,254,254,254,254,254,0,0,0,0,0,0,0,0,0,0,0,0,0,0,0,0,0,0,0,0,0,254,254,254,254,254,254,254,254,254,254,254,254,254,254,254,254,254,254,
254,254,254,254,254,254,254,254,254,254,254,254,254,254,254,254,254,254,254,254,254,254,254,254,254,254,254,254,254,254,254,254,254,254,0,0,0,0,0,0,0,0,0,0,0,0,0,0,0,0,0,0,0,0,0,254,254,254,254,254,254,254,254,254,254,254,254,254,254,254,254,254,254,
254,254,254,254,254,254,254,254,254,254,254,254,254,254,254,254,254,254,254,254,254,254,254,254,254,254,254,254,254,254,254,254,0,0,0,0,0,0,0,0,0,0,0,0,0,0,0,0,0,0,0,0,0,0,0,0,254,254,254,254,254,254,254,254,254,254,254,254,254,254,254,254,254,
254,254,254,254,254,254,254,254,254,254,254,254,254,254,254,254,254,254,254,254,254,254,254,254,254,254,254,254,254,254,0,0,0,0,0,0,0,0,0,0,0,0,0,0,0,0,0,0,0,0,0,0,0,0,0,0,254,254,254,254,254,254,254,254,254,254,254,254,254,254,254,254,254,
254,254,254,254,254,254,254,254,254,254,254,254,254,254,254,254,254,254,254,254,254,254,254,254,254,254,254,254,254,254,0,0,0,0,0,0,0,0,0,0,0,0,0,0,0,0,0,0,0,0,0,0,0,0,0,0,254,254,254,254,254,254,254,254,254,254,254,254,254,254,254,254,254,
254,254,254,254,254,254,254,254,254,254,254,254,254,254,254,254,254,254,254,254,254,254,254,254,254,254,254,254,254,254,0,0,0,0,0,0,0,0,0,0,0,0,0,0,0,0,0,0,0,0,0,0,0,0,0,0,0,0,254,254,254,254,254,254,254,254,254,254,254,254,254,254,254,
254,254,254,254,254,254,254,254,254,254,254,254,254,254,254,254,254,254,254,254,254,254,254,254,254,254,254,254,254,0,0,0,0,0,0,0,0,0,0,0,0,0,0,0,0,0,0,0,0,0,0,0,0,0,0,0,0,0,254,254,254,254,254,254,254,254,254,254,254,254,254,254,254,
254,254,254,254,254,254,254,254,254,254,254,254,254,254,254,254,254,254,254,254,254,254,254,254,254,254,254,254,254,0,0,0,0,0,0,0,0,0,0,0,0,0,0,0,0,0,0,0,0,0,0,0,0,0,0,0,0,0,254,254,254,254,254,254,254,254,254,254,254,254,254,254,254,
254,254,254,254,254,254,254,254,254,254,254,254,254,254,254,254,254,254,254,254,254,254,254,254,254,254,254,254,254,0,0,0,0,0,0,0,0,0,0,0,0,0,0,0,0,0,0,0,0,0,0,0,0,0,0,0,0,0,254,254,254,254,254,254,254,254,254,254,254,254,254,254,254,
254,254,254,254,254,254,254,254,254,254,254,254,254,254,254,254,254,254,254,254,254,254,254,254,254,254,254,254,254,0,0,0,0,0,0,0,0,0,0,0,0,0,0,0,0,0,0,0,0,0,0,0,0,0,0,0,0,0,254,254,254,254,254,254,254,254,254,254,254,254,254,254,254,
254,254,254,254,254,254,254,254,254,254,254,254,254,254,254,254,254,254,254,254,254,254,254,254,254,254,254,254,254,0,0,0,0,0,0,0,0,0,0,0,0,0,0,0,0,0,0,0,0,0,0,0,0,0,0,0,0,0,254,254,254,254,254,254,254,254,254,254,254,254,254,254,254,
254,254,254,254,254,254,254,254,254,254,254,254,254,254,254,254,254,254,254,254,254,254,254,254,254,254,254,254,254,254,0,0,0,0,0,0,0,0,0,0,0,0,0,0,0,0,0,0,0,0,0,0,0,0,0,0,0,0,0,254,254,254,254,254,254,254,254,254,254,254,254,254,254,
254,254,254,254,254,254,254,254,254,254,254,254,254,254,254,254,254,254,254,254,254,254,254,254,254,254,254,254,254,254,0,0,0,0,0,0,0,0,0,0,0,0,0,0,0,0,0,0,0,0,0,0,0,0,0,0,0,0,0,254,254,254,254,254,254,254,254,254,254,254,254,254,254,
254,254,254,254,254,254,254,254,254,254,254,254,254,254,254,254,254,254,254,254,254,254,254,254,254,254,254,254,254,0,0,0,0,0,0,0,0,0,0,0,0,0,0,0,0,0,0,0,0,0,0,0,0,0,0,0,0,0,0,0,0,254,254,254,254,254,254,254,254,254,254,254,254,
254,254,254,254,254,254,254,254,254,254,254,254,254,254,254,254,254,254,254,254,254,254,254,254,254,254,254,0,0,0,0,0,0,0,0,0,0,0,0,0,0,0,0,0,0,0,0,0,0,0,0,0,0,0,0,0,0,0,0,254,254,254,254,254,254,254,254,254,254,254,254,254,254,
254,254,254,254,254,254,254,254,254,254,254,254,254,254,254,254,254,254,254,254,254,254,254,254,254,254,254,0,0,0,0,0,0,0,0,0,0,0,0,0,0,0,0,0,0,0,0,0,0,0,0,0,0,0,0,0,0,0,0,254,254,254,254,254,254,254,254,254,254,254,254,254,254,
254,254,254,254,254,254,254,254,254,254,254,254,254,254,254,254,254,254,254,254,254,254,254,254,254,254,254,254,254,0,0,0,0,0,0,0,0,0,0,0,0,0,0,0,0,0,0,0,0,0,0,0,0,0,0,0,0,0,0,0,0,254,254,254,254,254,254,254,254,254,254,254,254,
254,254,254,254,254,254,254,254,254,254,254,254,254,254,254,254,254,254,254,254,254,254,254,254,254,254,254,254,254,0,0,0,0,0,0,0,0,0,0,0,0,0,0,0,0,0,0,0,0,0,0,0,0,0,0,0,0,0,0,0,0,254,254,254,254,254,254,254,254,254,254,254,254,
254,254,254,254,254,254,254,254,254,254,254,254,254,254,254,254,254,254,254,254,254,254,254,254,254,254,254,254,254,0,0,0,0,0,0,0,0,0,0,0,0,0,0,0,0,0,0,0,0,0,0,0,0,0,0,0,0,0,0,0,0,254,254,254,254,254,254,254,254,254,254,254,254,
254,254,254,254,254,254,254,254,254,254,254,254,254,254,254,254,254,254,254,254,254,254,254,254,254,254,254,254,254,254,0,0,0,0,0,0,0,0,0,0,0,0,0,0,0,0,0,0,0,0,0,0,0,0,0,0,0,0,254,254,254,254,254,254,254,254,254,254,254,254,254,254,254,
254,254,254,254,254,254,254,254,254,254,254,254,254,254,254,254,254,254,254,254,254,254,254,254,254,254,254,254,254,254,254,254,0,0,0,0,0,0,0,0,0,0,0,0,0,0,0,0,0,0,0,0,0,0,0,0,0,0,254,254,254,254,254,254,254,254,254,254,254,254,254,254,254,
254,254,254,254,254,254,254,254,254,254,254,254,254,254,254,254,254,254,254,254,254,254,254,254,254,254,254,254,254,254,254,254,0,0,0,0,0,0,0,0,0,0,0,0,0,0,0,0,0,0,0,0,0,0,0,0,0,0,254,254,254,254,254,254,254,254,254,254,254,254,254,254,254,
254,254,254,254,254,254,254,254,254,254,254,254,254,254,254,254,254,254,254,254,254,254,254,254,254,254,254,254,254,254,254,254,0,0,0,0,0,0,0,0,0,0,0,0,0,0,0,0,0,0,0,0,0,0,0,0,254,254,254,254,254,254,254,254,254,254,254,254,254,254,254,254,254,
254,254,254,254,254,254,254,254,254,254,254,254,254,254,254,254,254,254,254,254,254,254,254,254,254,254,254,254,254,254,254,254,0,0,0,0,0,0,0,0,0,0,0,0,0,0,0,0,0,0,0,0,0,0,0,0,254,254,254,254,254,254,254,254,254,254,254,254,254,254,254,254,254,
254,254,254,254,254,254,254,254,254,254,254,254,254,254,254,254,254,254,254,254,254,254,254,254,254,254,254,254,254,254,254,254,0,0,0,0,0,0,0,0,0,0,0,0,0,0,0,0,0,0,0,0,0,0,0,254,254,254,254,254,254,254,254,254,254,254,254,254,254,254,254,254,254,
254,254,254,254,254,254,254,254,254,254,254,254,254,254,254,254,254,254,254,254,254,254,254,254,254,254,254,254,254,254,254,254,254,254,0,0,0,0,0,0,0,0,0,0,0,0,0,0,0,0,254,254,254,254,254,254,254,254,254,254,254,254,254,254,254,254,254,254,254,254,254,254,254,
254,254,254,254,254,254,254,254,254,254,254,254,254,254,254,254,254,254,254,254,254,254,254,254,254,254,254,254,254,254,254,254,254,254,0,0,0,0,0,0,0,0,0,0,0,0,0,0,0,0,254,254,254,254,254,254,254,254,254,254,254,254,254,254,254,254,254,254,254,254,254,254,254,
254,254,254,254,254,254,254,254,254,254,254,254,254,254,254,254,254,254,254,254,254,254,254,254,254,254,254,254,254,254,254,254,254,254,254,0,0,0,0,0,0,0,0,0,0,0,0,0,0,0,0,254,254,254,254,254,254,254,254,254,254,254,254,254,254,254,254,254,254,254,254,254,254,
254,254,254,254,254,254,254,254,254,254,254,254,254,254,254,254,254,254,254,254,254,254,254,254,254,254,254,254,254,254,254,254,254,254,0,0,0,0,0,0,0,0,0,0,0,0,0,0,0,0,0,254,254,254,254,254,254,254,254,254,254,254,254,254,254,254,254,254,254,254,254,254,254,
254,254,254,254,254,254,254,254,254,254,254,254,254,254,254,254,254,254,254,254,254,254,254,254,254,254,254,254,254,254,254,254,254,254,0,0,0,0,0,0,0,0,0,0,0,0,0,0,0,0,0,254,254,254,254,254,254,254,254,254,254,254,254,254,254,254,254,254,254,254,254,254,254,
254,254,254,254,254,254,254,254,254,254,254,254,254,254,254,254,254,254,254,254,254,254,254,254,254,254,254,254,254,254,254,254,0,0,0,0,0,0,0,0,0,0,0,0,0,0,0,0,0,0,0,254,254,254,254,254,254,254,254,254,254,254,254,254,254,254,254,254,254,254,254,254,254,
254,254,254,254,254,254,254,254,254,254,254,254,254,254,254,254,254,254,254,254,254,254,254,254,254,254,254,254,254,254,0,0,0,0,0,0,0,0,0,0,0,0,0,0,0,0,0,0,0,0,0,0,0,0,0,254,254,254,254,254,254,254,254,254,254,254,254,254,254,254,254,254,254,
254,254,254,254,254,254,254,254,254,254,254,254,254,254,254,254,254,254,254,254,254,254,254,254,254,254,254,254,254,254,0,0,0,0,0,0,0,0,0,0,0,0,0,0,0,0,0,0,0,0,0,0,0,0,0,254,254,254,254,254,254,254,254,254,254,254,254,254,254,254,254,254,254,
254,254,254,254,254,254,254,254,254,254,254,254,254,254,254,254,254,254,254,254,254,254,254,254,254,254,254,254,254,0,0,0,0,0,0,0,0,0,0,0,0,0,0,0,0,0,0,0,0,0,0,0,0,0,0,0,0,0,254,254,254,254,254,254,254,254,254,254,254,254,254,254,254,
254,254,254,254,254,254,254,254,254,254,254,254,254,254,254,254,254,254,254,254,254,254,254,254,254,254,254,254,254,0,0,0,0,0,0,0,0,0,0,0,0,0,0,0,0,0,0,0,0,0,0,0,0,0,0,0,0,0,254,254,254,254,254,254,254,254,254,254,254,254,254,254,254,
254,254,254,254,254,254,254,254,254,254,254,254,254,254,254,254,254,254,254,254,254,254,254,254,254,254,0,0,0,0,0,0,0,0,0,0,0,0,0,0,0,0,0,0,0,0,0,0,0,0,0,0,0,0,0,0,0,0,0,0,0,254,254,254,254,254,254,254,254,254,254,254,254,
254,254,254,254,254,254,254,254,254,254,254,254,254,254,254,254,254,254,254,254,254,254,254,254,254,254,0,0,0,0,0,0,0,0,0,0,0,0,0,0,0,0,0,0,0,0,0,0,0,0,0,0,0,0,0,0,0,0,0,0,0,0,0,254,254,254,254,254,254,254,254,254,254,
254,254,254,254,254,254,254,254,254,254,254,254,254,254,254,254,254,254,254,254,254,254,254,254,254,254,0,0,0,0,0,0,0,0,0,0,0,0,0,0,0,0,0,0,0,0,0,0,0,0,0,0,0,0,0,0,0,0,0,0,0,0,0,254,254,254,254,254,254,254,254,254,254,
254,254,254,254,254,254,254,254,254,254,254,254,254,254,254,254,254,254,254,254,254,254,254,254,0,0,0,0,0,0,0,0,0,0,0,0,0,0,0,0,0,0,0,0,0,0,0,0,0,0,0,0,0,0,0,0,0,0,0,0,0,0,0,254,254,254,254,254,254,254,254,254,254,
254,254,254,254,254,254,254,254,254,254,254,254,254,254,254,254,254,254,254,254,254,254,254,254,0,0,0,0,0,0,0,0,0,0,0,0,0,0,0,0,0,0,0,0,0,0,0,0,0,0,0,0,0,0,0,0,0,0,0,0,0,0,0,254,254,254,254,254,254,254,254,254,254,
254,254,254,254,254,254,254,254,254,254,254,254,254,254,254,254,254,254,254,254,254,254,254,254,0,0,0,0,0,0,0,0,0,0,0,0,0,0,0,0,0,0,0,0,0,0,0,0,0,0,0,0,0,0,0,0,0,0,0,0,0,0,0,254,254,254,254,254,254,254,254,254,254,
254,254,254,254,254,254,254,254,254,254,254,254,254,254,254,254,254,254,254,254,254,254,254,254,0,0,0,0,0,0,0,0,0,0,0,0,0,0,0,0,0,0,0,0,0,0,0,0,0,0,0,0,0,0,0,0,0,0,0,0,0,0,0,254,254,254,254,254,254,254,254,254,254,
254,254,254,254,254,254,254,254,254,254,254,254,254,254,254,254,254,254,254,254,254,254,254,254,0,0,0,0,0,0,0,0,0,0,0,0,0,0,0,0,0,0,0,0,0,0,0,0,0,0,0,0,0,0,0,0,0,0,0,0,0,0,0,0,254,254,254,254,254,254,254,254,254,
254,254,254,254,254,254,254,254,254,254,254,254,254,254,254,254,254,254,254,254,254,254,254,254,0,0,0,0,0,0,0,0,0,0,0,0,0,0,0,0,0,0,0,0,0,0,0,0,0,0,0,0,0,0,0,0,0,0,0,0,0,0,0,0,254,254,254,254,254,254,254,254,254,
254,254,254,254,254,254,254,254,254,254,254,254,254,254,254,254,254,254,254,254,254,254,0,0,0,0,0,0,0,0,0,0,0,0,0,0,0,0,0,0,0,0,0,0,0,0,0,0,0,0,0,0,0,0,0,0,0,0,0,0,0,0,0,0,254,254,254,254,254,254,254,254,254,
254,254,254,254,254,254,254,254,254,254,254,254,254,254,254,254,254,254,254,254,254,254,0,0,0,0,0,0,0,0,0,0,0,0,0,0,0,0,0,0,0,0,0,0,0,0,0,0,0,0,0,0,0,0,0,0,0,0,0,0,0,0,0,0,0,0,254,254,254,254,254,254,254,
254,254,254,254,254,254,254,254,254,254,254,254,254,254,254,254,254,254,254,254,254,254,0,0,0,0,0,0,0,0,0,0,0,0,0,0,0,0,0,0,0,0,0,0,0,0,0,0,0,0,0,0,0,0,0,0,0,0,0,0,0,0,0,0,0,0,254,254,254,254,254,254,254,
254,254,254,254,254,254,254,254,254,254,254,254,254,254,254,254,254,254,254,254,254,0,0,0,0,0,0,0,0,0,0,0,0,0,0,0,0,0,0,0,0,0,0,0,0,0,0,0,0,0,0,0,0,0,0,0,0,0,0,0,0,0,0,0,0,0,254,254,254,254,254,254,254,
254,254,254,254,254,254,254,254,254,254,254,254,254,254,254,254,254,254,254,254,254,0,0,0,0,0,0,0,0,0,0,0,0,0,0,0,0,0,0,0,0,0,0,0,0,0,0,0,0,0,0,0,0,0,0,0,0,0,0,0,0,0,0,0,0,0,254,254,254,254,254,254,254,
254,254,254,254,254,254,254,254,254,254,254,254,254,254,254,254,254,254,254,254,254,0,0,0,0,0,0,0,0,0,0,0,0,0,0,0,0,0,0,0,0,0,0,0,0,0,0,0,0,0,0,0,0,0,0,0,0,0,0,0,0,0,0,0,254,254,254,254,254,254,254,254,254,
254,254,254,254,254,254,254,254,254,254,254,254,254,254,254,254,254,254,254,254,254,254,0,0,0,0,0,0,0,0,0,0,0,0,0,0,0,0,0,0,0,0,0,0,0,0,0,0,0,0,0,0,0,0,0,0,0,0,0,0,0,0,0,0,0,0,254,254,254,254,254,254,254,
254,254,254,254,254,254,254,254,254,254,254,254,254,254,254,254,254,254,254,254,254,254,0,0,0,0,0,0,0,0,0,0,0,0,0,0,0,0,0,0,0,0,0,0,0,0,0,0,0,0,0,0,0,0,0,0,0,0,0,0,0,0,0,0,0,0,254,254,254,254,254,254,254,
254,254,254,254,254,254,254,254,254,254,254,254,254,254,254,254,254,254,254,254,254,254,0,0,0,0,0,0,0,0,0,0,0,0,0,0,0,0,0,0,0,0,0,0,0,0,0,0,0,0,0,0,0,0,0,0,0,0,0,0,0,0,0,0,0,0,254,254,254,254,254,254,254,
254,254,254,254,254,254,254,254,254,254,254,254,254,254,254,254,254,254,254,254,254,254,0,0,0,0,0,0,0,0,0,0,0,0,0,0,0,0,0,0,0,0,0,0,0,0,0,0,0,0,0,0,0,0,0,0,0,0,0,0,0,0,0,0,0,0,254,254,254,254,254,254,254,
254,254,254,254,254,254,254,254,254,254,254,254,254,254,254,254,254,254,254,254,254,254,0,0,0,0,0,0,0,0,0,0,0,0,0,0,0,0,0,0,0,0,0,0,0,0,0,0,0,0,0,0,0,0,0,0,0,0,0,0,0,0,0,0,0,0,254,254,254,254,254,254,254,
254,254,254,254,254,254,254,254,254,254,254,254,254,254,254,254,254,254,254,254,254,0,0,0,0,0,0,0,0,0,0,0,0,0,0,0,0,0,0,0,0,0,0,0,0,0,0,0,0,0,0,0,0,0,0,0,0,0,0,0,0,0,0,0,0,0,254,254,254,254,254,254,254,
254,254,254,254,254,254,254,254,254,254,254,254,254,254,254,254,254,254,254,254,254,0,0,0,0,0,0,0,0,254,0,0,0,0,0,0,0,0,0,0,0,0,0,0,0,0,0,0,0,0,0,0,0,0,0,0,0,0,0,0,0,0,0,0,0,0,254,254,254,254,254,254,254,
254,254,254,254,254,254,254,254,254,254,254,254,254,254,254,254,254,254,254,254,254,0,0,0,0,0,0,0,0,254,0,0,0,0,0,0,0,0,0,0,0,0,0,0,0,0,0,0,0,0,0,0,0,0,0,0,0,0,0,0,0,0,0,0,0,0,254,254,254,254,254,254,254,
254,254,254,254,254,254,254,254,254,254,254,254,254,254,254,254,254,254,254,254,254,0,0,0,0,0,0,0,0,254,0,0,0,0,0,0,0,0,0,0,0,0,0,0,0,0,0,0,0,0,0,0,0,0,0,0,0,0,0,0,0,0,0,0,0,0,0,254,254,254,254,254,254,
254,254,254,254,254,254,254,254,254,254,254,254,254,254,254,254,254,254,254,254,254,0,0,0,0,0,0,0,0,254,0,0,0,0,0,0,0,0,0,0,0,0,0,0,0,0,0,0,0,0,0,0,0,0,0,0,0,0,0,0,0,0,0,0,0,0,0,254,254,254,254,254,254,
254,254,254,254,254,254,254,254,254,254,254,254,254,254,254,254,254,254,254,0,0,0,0,0,0,0,0,0,0,0,0,0,0,0,0,0,0,0,0,0,0,0,0,0,0,0,0,0,0,0,0,0,0,0,0,0,0,0,0,0,0,0,0,0,0,0,0,254,254,254,254,254,254,
254,254,254,254,254,254,254,254,254,254,254,254,254,254,254,254,254,254,254,0,0,0,0,0,0,0,0,0,0,0,0,0,0,0,0,0,0,0,0,0,0,0,0,0,0,0,0,0,0,0,0,0,0,0,0,0,0,0,0,0,0,0,0,0,0,0,0,254,254,254,254,254,254,
254,254,254,254,254,254,254,254,254,254,254,254,254,254,254,254,254,254,254,0,0,0,0,0,0,0,0,0,0,0,0,0,0,0,0,0,0,0,0,0,0,0,0,0,0,0,0,0,0,0,0,0,0,0,0,0,0,0,0,0,0,0,0,0,0,0,0,254,254,254,254,254,254,
254,254,254,254,254,254,254,254,254,254,254,254,254,254,254,254,254,254,0,0,0,0,0,0,0,0,0,254,254,0,0,0,0,0,0,0,0,0,0,0,0,0,0,0,0,0,0,0,0,0,0,0,0,0,0,0,0,0,0,0,0,0,0,0,0,0,0,254,254,254,254,254,254,
254,254,254,254,254,254,254,254,254,254,254,254,254,254,254,254,254,254,0,0,0,0,0,0,0,0,0,0,0,0,0,0,0,0,0,0,0,0,0,0,0,0,0,0,0,0,0,0,0,0,0,0,0,0,0,0,0,0,0,0,0,0,0,0,0,0,0,254,254,254,254,254,254,
254,254,254,254,254,254,254,254,254,254,254,254,254,254,254,254,254,254,0,0,0,0,0,0,0,0,0,0,0,0,0,0,0,0,0,0,0,0,0,0,0,0,0,0,0,0,0,0,0,0,0,0,0,0,0,0,0,0,0,0,0,0,0,0,0,0,0,254,254,254,254,254,254,
254,254,254,254,254,254,254,254,254,254,254,254,254,254,254,254,254,254,0,0,0,0,0,0,0,0,254,0,0,0,0,0,0,0,0,0,0,0,0,0,0,0,0,0,0,0,0,0,0,0,0,0,0,0,0,0,0,0,0,0,0,0,0,0,0,0,0,254,254,254,254,254,254,
254,254,254,254,254,254,254,254,254,254,254,254,254,254,254,254,254,254,0,0,0,0,0,0,0,0,254,0,0,0,0,0,0,0,0,0,0,0,0,0,0,0,0,0,0,0,0,0,0,0,0,0,0,0,0,0,0,0,0,0,0,0,0,0,0,0,0,254,254,254,254,254,254,
254,254,254,254,254,254,254,254,254,254,254,254,254,254,254,254,254,254,0,0,0,0,0,0,0,0,254,0,0,0,0,0,0,0,0,0,0,0,0,0,0,0,0,0,0,0,0,0,0,0,0,0,0,0,0,0,0,0,0,0,0,0,0,0,0,0,0,254,254,254,254,254,254,
254,254,254,254,254,254,254,254,254,254,254,254,254,254,254,254,0,0,0,0,0,0,0,0,0,0,254,0,0,0,0,0,0,0,0,0,0,0,0,0,0,0,0,0,0,0,0,0,0,0,0,0,0,0,0,0,0,0,0,0,0,0,0,0,0,0,0,254,254,254,254,254,254,
254,254,254,254,254,254,254,254,254,254,254,254,254,254,254,254,0,0,0,0,0,0,0,0,0,0,0,0,0,0,0,0,0,0,0,0,0,0,0,0,0,0,0,0,0,0,0,0,0,0,0,0,0,0,0,0,0,0,0,0,0,0,0,0,0,0,0,0,0,254,254,254,254,
254,254,254,254,254,254,254,254,254,254,254,254,254,254,254,254,0,0,0,0,0,0,0,0,0,0,0,0,0,0,0,0,0,0,0,0,0,0,0,0,0,0,0,0,0,0,0,0,0,0,0,0,0,0,0,0,0,0,0,0,0,0,0,0,0,0,0,0,0,254,254,254,254,
254,254,254,254,254,254,254,254,254,254,254,254,254,254,254,254,0,0,0,0,0,0,0,0,0,0,0,0,0,0,0,0,0,0,0,0,0,0,0,0,0,0,0,0,0,0,0,0,0,0,0,0,0,0,0,0,0,0,0,0,0,0,0,0,0,0,0,0,0,254,254,254,254,
254,254,254,254,254,254,254,254,254,254,254,254,254,254,254,254,0,0,0,0,0,0,0,0,0,0,0,0,0,0,0,0,0,0,0,0,0,0,0,0,0,0,0,0,0,0,0,0,0,0,0,0,0,0,0,0,0,0,0,0,0,0,0,0,0,0,0,0,0,254,254,254,254,
254,254,254,254,254,254,254,254,254,254,254,254,254,254,254,254,0,0,0,0,0,0,0,0,0,0,0,0,0,0,0,0,0,0,0,0,0,0,0,0,0,0,0,0,0,0,0,0,0,0,0,0,0,0,0,254,0,0,0,0,0,0,0,0,0,0,0,0,0,254,254,254,254,
254,254,254,254,254,254,254,254,254,254,254,254,254,254,254,254,0,0,0,0,0,0,0,0,0,0,0,0,0,0,0,0,0,0,0,0,0,0,0,0,0,0,0,0,0,0,0,0,0,0,0,0,0,0,0,254,254,254,0,0,0,0,0,0,0,0,0,254,254,254,254,254,254,
254,254,254,254,254,254,254,254,254,254,254,254,254,254,254,254,0,0,0,0,0,0,0,0,0,0,0,0,0,0,0,0,0,0,0,0,0,0,0,0,0,0,0,0,0,0,0,0,0,0,0,0,0,0,0,254,254,254,0,0,0,0,0,0,0,0,0,254,254,254,254,254,254,
254,254,254,254,254,254,254,254,254,254,254,254,254,254,254,254,254,254,0,0,0,0,0,0,0,0,0,0,0,0,0,0,0,0,0,0,0,0,0,0,0,0,0,0,0,0,0,0,0,0,0,0,0,0,0,0,254,254,0,0,0,0,0,0,0,0,254,254,254,254,254,254,254,
254,254,254,254,254,254,254,254,254,254,254,254,254,254,254,254,254,254,254,254,254,0,0,0,254,254,0,0,0,0,0,0,0,0,0,0,0,0,0,0,0,0,0,0,0,0,0,0,0,0,0,0,0,0,0,0,254,254,254,0,0,0,0,254,254,254,254,254,254,254,254,254,254,
254,254,254,254,254,254,254,254,254,254,254,254,254,254,254,254,254,254,254,254,254,0,0,0,254,254,0,0,0,0,0,0,0,0,0,0,0,0,0,0,0,0,0,0,0,0,0,0,0,0,0,0,0,0,0,0,254,254,254,0,0,0,0,254,254,254,254,254,254,254,254,254,254,
254,254,254,254,254,254,254,254,254,254,254,254,254,254,254,254,254,254,254,254,254,254,254,254,254,254,0,0,0,0,0,0,0,0,0,0,0,0,0,0,254,254,0,0,0,0,0,0,0,0,0,0,0,0,0,0,254,254,254,254,254,254,254,254,254,254,254,254,254,254,254,254,254,
254,254,254,254,254,254,254,254,254,254,254,254,254,254,254,254,254,254,254,254,254,254,254,254,0,0,0,0,0,0,0,0,0,0,0,0,0,0,254,254,254,254,0,0,0,0,0,0,0,0,0,0,0,0,0,0,254,254,254,254,254,254,254,254,254,254,254,254,254,254,254,254,254,
254,254,254,254,254,254,254,254,254,254,254,254,254,254,254,254,254,254,254,254,254,254,254,254,0,0,0,0,0,0,0,0,0,0,0,0,0,0,254,254,254,254,0,0,0,0,0,0,0,0,0,0,0,0,0,0,254,254,254,254,254,254,254,254,254,254,254,254,254,254,254,254,254,
254,254,254,254,254,254,254,254,254,254,254,254,254,254,254,254,254,254,254,254,254,254,254,254,0,0,0,0,0,0,0,0,0,0,0,0,0,0,254,254,254,254,254,0,0,0,0,0,0,0,0,0,0,0,0,0,254,254,254,254,254,254,254,254,254,254,254,254,254,254,254,254,254,
254,254,254,254,254,254,254,254,254,254,254,254,254,254,254,254,254,254,254,254,254,254,254,254,0,0,0,0,0,0,0,0,0,0,0,0,0,0,254,254,254,254,254,0,0,0,0,0,0,0,0,0,0,0,0,0,254,254,254,254,254,254,254,254,254,254,254,254,254,254,254,254,254,
254,254,254,254,254,254,254,254,254,254,254,254,254,254,254,254,254,254,254,254,254,254,254,254,0,0,0,0,0,0,0,0,0,0,0,0,0,0,254,254,254,254,254,0,0,0,0,0,0,0,0,0,0,0,0,0,0,0,254,254,254,254,254,254,254,254,254,254,254,254,254,254,254,
254,254,254,254,254,254,254,254,254,254,254,254,254,254,254,254,254,254,254,254,254,254,254,254,0,0,0,0,0,0,0,0,0,0,0,0,0,0,254,254,254,254,254,0,0,0,0,0,0,0,0,0,0,0,0,0,0,0,254,254,254,254,254,254,254,254,254,254,254,254,254,254,254,
245,245,245,245,245,245,245,245,245,245,245,245,245,245,245,245,245,245,245,245,245,245,245,245,0,0,0,0,0,0,0,0,0,0,0,0,0,0,245,245,245,245,245,0,0,0,0,0,0,0,0,0,0,0,0,0,0,0,245,245,245,245,245,245,245,245,245,245,245,245,245,245,245,
245,245,245,245,245,245,245,245,245,245,245,245,245,245,245,245,245,245,245,245,245,245,245,245,0,0,0,0,0,0,0,0,0,0,0,0,0,0,245,245,245,245,245,245,245,0,0,0,0,0,0,0,0,0,0,0,0,0,245,245,245,245,245,245,245,245,245,245,245,245,245,245,245,
163,163,163,163,163,163,163,163,163,163,163,163,163,163,163,163,163,163,163,163,163,163,163,163,0,0,0,0,0,0,0,0,0,0,0,0,0,163,163,163,163,163,163,163,163,0,0,0,0,0,0,0,0,0,0,0,0,0,0,163,163,163,163,163,163,163,163,163,163,163,163,163,163,
163,163,163,163,163,163,163,163,163,163,163,163,163,163,163,163,163,163,163,163,163,163,163,163,0,0,0,0,0,0,0,0,0,0,0,0,0,163,163,163,163,163,163,163,163,0,0,0,0,0,0,0,0,0,0,0,0,0,0,163,163,163,163,163,163,163,163,163,163,163,163,163,163,
162,162,162,162,162,162,162,162,162,162,162,162,162,162,162,162,162,162,162,162,162,162,162,162,0,0,0,0,0,0,0,0,0,0,0,0,0,162,162,162,162,162,162,162,162,0,0,0,0,0,0,0,0,0,0,0,0,0,0,162,162,162,162,162,162,162,162,162,162,162,162,162,162,
162,162,162,162,162,162,162,162,162,162,162,162,162,162,162,162,162,162,162,162,162,162,162,162,0,0,0,0,0,0,0,0,0,0,0,0,0,162,162,162,162,162,162,162,162,0,0,0,0,0,0,0,0,0,0,0,0,0,0,162,162,162,162,162,162,162,162,162,162,162,162,162,162,
162,162,162,162,162,162,162,162,162,162,162,162,162,162,162,162,162,162,162,162,162,162,162,162,0,0,0,0,0,0,0,0,0,0,0,0,0,162,162,162,162,162,162,162,162,0,0,0,0,0,0,0,0,0,0,0,0,0,0,162,162,162,162,162,162,162,162,162,162,162,162,162,162,
162,162,162,162,162,162,162,162,162,162,162,162,162,162,162,162,162,162,162,162,162,162,162,162,0,0,0,0,0,0,0,0,0,0,0,0,0,162,162,162,162,162,162,162,162,162,162,0,0,0,0,0,0,0,0,0,0,0,0,0,0,162,162,162,162,162,162,162,162,162,162,162,162,
162,162,162,162,162,162,162,162,162,162,162,162,162,162,162,162,162,162,162,162,162,162,162,162,0,0,0,0,0,0,0,0,0,0,0,0,0,0,162,162,162,162,162,162,162,162,162,162,0,0,0,0,0,0,0,0,0,0,0,0,0,162,162,162,162,162,162,162,162,162,162,162,162,
162,162,162,162,162,162,162,162,162,162,162,162,162,162,162,162,162,162,162,162,162,162,162,162,0,0,0,0,0,0,0,0,0,0,0,0,0,0,162,162,162,162,162,162,162,162,162,162,0,0,0,0,0,0,0,0,0,0,0,0,0,162,162,162,162,162,162,162,162,162,162,162,162,
162,162,162,162,162,162,162,162,162,162,162,162,162,162,162,162,162,162,162,162,162,162,162,162,0,0,0,0,0,0,0,0,0,0,0,0,0,0,162,162,162,162,162,162,162,162,162,162,0,0,0,0,0,0,0,0,0,0,0,0,0,0,0,162,162,162,162,162,162,162,162,162,162,
162,162,162,162,162,162,162,162,162,162,162,162,162,162,162,162,162,162,162,162,162,162,162,162,0,0,0,0,0,0,0,0,0,0,0,0,0,0,162,162,162,162,162,162,162,162,162,162,0,0,0,0,0,0,0,0,0,0,0,0,0,0,0,162,162,162,162,162,162,162,162,162,162,
162,162,162,162,162,162,162,162,162,162,162,162,162,162,162,162,162,162,162,162,162,162,162,162,0,0,0,0,0,0,0,0,0,0,0,0,0,162,162,162,162,162,162,162,162,162,162,162,0,0,0,0,0,0,0,0,0,0,0,0,0,0,0,162,162,162,162,162,162,162,162,162,162,
162,162,162,162,162,162,162,162,162,162,162,162,162,162,162,162,162,162,162,162,162,162,162,162,0,0,0,0,0,0,0,0,0,0,0,0,0,162,162,162,162,162,162,162,162,162,162,162,162,162,0,0,0,0,0,0,0,0,0,0,0,0,0,0,162,162,162,162,162,162,162,162,162,
162,162,162,162,162,162,162,162,162,162,162,162,162,162,162,162,162,162,162,162,162,162,162,162,0,0,0,0,0,0,0,0,0,0,0,0,0,162,162,162,162,162,162,162,162,162,162,162,162,162,0,0,0,0,0,0,0,0,0,0,0,0,0,0,162,162,162,162,162,162,162,162,162,
162,162,162,162,162,162,162,162,162,162,162,162,162,162,162,162,171,171,171,171,172,172,172,172,0,0,0,0,0,0,0,0,0,0,0,0,0,172,172,172,172,172,172,172,172,172,172,172,172,172,0,0,0,0,0,0,0,0,0,0,0,0,0,0,162,162,162,162,162,162,162,162,162,
162,162,162,162,162,162,162,162,162,162,162,162,162,162,162,162,171,171,171,171,172,172,172,172,0,0,0,0,0,0,0,0,0,0,0,0,0,0,172,172,172,172,172,172,172,172,172,172,172,172,0,0,0,0,0,0,0,0,0,0,0,0,0,0,162,162,162,162,162,162,162,162,162,
162,162,162,162,162,162,162,171,171,172,172,172,172,172,172,172,172,172,172,172,172,172,172,172,0,0,0,0,0,0,0,0,0,0,0,0,0,0,172,172,172,172,172,172,172,172,172,172,172,172,0,0,0,0,0,0,0,0,0,0,0,0,0,0,171,162,162,162,162,162,162,162,162,
171,171,171,172,172,172,172,172,172,172,172,172,172,172,172,172,172,172,172,172,181,181,181,254,0,0,0,0,0,0,0,0,0,0,0,0,0,0,254,254,254,254,254,254,254,254,254,254,254,181,0,0,0,0,0,0,0,0,0,0,0,0,0,0,172,172,172,172,172,171,171,171,162,
171,171,171,172,172,172,172,172,172,172,172,172,172,172,172,172,172,172,172,172,181,181,0,0,0,0,0,0,0,0,0,0,0,0,0,0,0,0,254,254,254,254,254,254,254,254,254,254,254,181,0,0,0,0,0,0,0,0,0,0,0,0,0,0,0,0,172,172,172,171,171,171,162,
172,172,172,172,172,172,172,172,172,181,181,254,254,254,254,254,254,254,254,254,254,254,0,0,0,0,0,0,0,0,0,0,0,0,0,0,0,0,254,254,254,254,254,254,254,254,254,254,254,254,0,0,0,0,0,0,0,0,0,0,0,0,0,0,0,0,172,172,172,172,172,172,172,
172,181,181,181,254,254,254,254,254,254,254,254,254,254,254,254,254,254,254,254,254,254,0,0,0,0,0,0,0,0,0,0,0,0,0,0,0,0,254,254,254,254,254,254,254,254,254,254,254,254,0,0,0,0,0,0,0,0,0,0,0,0,0,0,0,0,254,254,181,181,181,172,172,
172,181,181,181,254,254,254,254,254,254,254,254,254,254,254,254,254,254,254,254,254,254,0,0,0,0,0,0,0,0,0,0,0,0,0,0,0,0,254,254,254,254,254,254,254,254,254,254,254,254,0,0,0,0,0,0,0,0,0,0,0,0,0,0,0,0,254,254,181,181,181,172,172,
254,254,254,254,254,254,254,254,254,254,254,254,254,254,254,254,254,254,254,254,254,254,0,0,0,0,0,0,0,0,0,0,0,0,0,0,0,0,254,254,254,254,254,254,254,254,254,254,254,254,0,0,0,0,0,0,0,0,0,0,0,0,0,0,0,0,254,254,254,254,254,254,254,
254,254,254,254,254,254,254,254,254,254,254,254,254,254,254,254,254,254,254,254,254,254,254,254,0,0,0,0,0,0,0,0,0,0,0,0,0,0,254,254,254,254,254,254,254,254,254,254,254,254,0,0,0,0,0,0,0,0,0,0,0,0,0,0,0,0,254,254,254,254,254,254,254,
254,254,254,254,254,254,254,254,254,254,254,254,254,254,254,254,254,254,254,254,254,254,254,254,0,0,0,0,0,0,0,0,0,0,0,0,0,0,254,254,254,254,254,254,254,254,254,254,254,254,0,0,0,0,0,0,0,0,0,0,0,0,0,0,0,0,254,254,254,254,254,254,254,
254,254,254,254,254,254,254,254,254,254,254,254,254,254,254,254,254,254,254,0,0,0,0,0,0,0,0,0,0,0,0,0,0,0,0,0,0,254,254,254,254,254,254,254,254,254,254,254,254,254,0,0,0,0,0,0,0,0,0,0,0,0,0,0,0,0,254,254,254,254,254,254,254,
254,254,254,254,254,254,254,254,254,254,254,254,254,254,254,254,254,254,0,0,0,0,0,0,0,0,0,0,0,0,0,0,0,0,0,0,0,254,254,254,254,254,254,254,254,254,254,254,254,254,0,0,0,0,0,0,0,0,0,0,0,0,0,0,0,0,254,254,254,254,254,254,254,
254,254,254,254,254,254,254,254,254,254,254,254,254,254,254,254,254,254,0,0,0,0,0,0,0,0,0,0,0,0,0,0,0,0,0,0,0,254,254,254,254,254,254,254,254,254,254,254,254,254,0,0,0,0,0,0,0,0,0,0,0,0,0,0,0,0,254,254,254,254,254,254,254,
254,254,254,254,254,254,254,254,254,254,254,254,254,254,254,254,254,254,0,0,0,0,0,0,0,0,0,0,0,0,0,0,0,0,0,0,0,254,254,254,254,254,254,254,254,254,254,254,254,254,254,0,0,0,0,0,0,0,0,0,0,0,0,0,0,0,254,254,254,254,254,254,254,
254,254,254,254,254,254,254,254,254,254,254,254,254,254,254,254,254,254,0,0,0,0,0,0,0,0,0,0,0,0,0,0,0,0,0,254,254,254,254,254,254,254,254,254,254,254,254,254,254,254,254,0,0,0,0,0,0,0,0,0,0,0,0,0,0,0,254,254,254,254,254,254,254,
254,254,254,254,254,254,254,254,254,254,254,254,254,254,254,254,254,254,0,0,0,0,0,0,0,0,0,0,0,0,0,0,0,0,0,254,254,254,254,254,254,254,254,254,254,254,254,254,254,254,254,0,0,0,0,0,0,0,0,0,0,0,0,0,0,0,254,254,254,254,254,254,254,
254,254,254,254,254,254,254,254,254,254,254,254,254,254,254,254,254,254,254,0,0,0,0,0,0,0,0,0,0,0,254,254,254,254,254,254,254,254,254,254,254,254,254,254,254,254,254,254,254,254,254,0,0,0,0,0,0,0,0,0,0,0,0,0,0,0,254,254,254,254,254,254,254,
254,254,254,254,254,254,254,254,254,254,254,254,254,254,254,254,254,254,254,254,254,254,254,254,254,254,254,254,254,254,254,254,254,254,254,254,254,254,254,254,254,254,254,254,254,254,254,254,254,254,254,254,254,0,0,0,0,0,0,0,0,0,0,0,254,254,254,254,254,254,254,254,254,
254,254,254,254,254,254,254,254,254,254,254,254,254,254,254,254,254,254,254,254,254,254,254,254,254,254,254,254,254,254,254,254,254,254,254,254,254,254,254,254,254,254,254,254,254,254,254,254,254,254,254,254,254,0,0,0,0,0,0,0,0,0,0,0,254,254,254,254,254,254,254,254,254,
254,254,254,254,254,254,254,254,254,254,254,254,254,254,254,254,254,254,254,254,254,254,254,254,254,254,254,254,254,254,254,254,254,254,254,254,254,254,254,254,254,254,254,254,254,254,254,254,254,254,254,254,254,254,254,254,254,254,254,254,254,254,254,254,254,254,254,254,254,254,254,254,254,
254,254,254,254,254,254,254,254,254,254,254,254,254,254,254,254,254,254,254,254,254,254,254,254,254,254,254,254,254,254,254,254,254,254,254,254,254,254,254,254,254,254,254,254,254,254,254,254,254,254,254,254,254,254,254,254,254,254,254,254,254,254,254,254,254,254,254,254,254,254,254,254,254,
254,254,254,254,254,254,254,254,254,254,254,254,254,254,254,254,254,254,254,254,254,254,254,254,254,254,254,254,254,254,254,254,254,254,254,254,254,254,254,254,254,254,254,254,254,254,254,254,254,254,254,254,254,254,254,254,254,254,254,254,254,254,254,254,254,254,254,254,254,254,254,254,254,
254,254,254,254,254,254,254,254,254,254,254,254,254,254,254,254,254,254,254,254,254,254,254,254,254,254,254,254,254,254,254,254,254,254,254,254,254,254,254,254,254,254,254,254,254,254,254,254,254,254,254,254,254,254,254,254,254,254,254,254,254,254,254,254,254,254,254,254,254,254,254,254,254,
254,254,254,254,254,254,254,254,254,254,254,254,254,254,254,254,254,254,254,254,254,254,254,254,254,254,254,254,254,254,254,254,254,254,254,254,254,254,254,254,84,84,84,84,84,84,84,254,254,254,254,254,254,254,254,254,254,254,254,254,254,254,254,254,254,254,254,254,254,254,254,254,254,
254,254,254,254,254,254,254,254,254,254,254,254,254,254,254,254,254,254,254,254,254,254,254,254,254,254,254,254,254,254,254,254,254,254,254,254,254,254,254,254,84,84,84,84,84,84,84,254,254,254,254,254,254,254,254,254,254,254,254,254,254,254,254,254,254,254,254,254,254,254,254,254,254,
254,254,254,254,254,254,254,254,254,254,254,254,254,254,254,254,254,254,254,254,254,254,254,254,254,254,254,254,254,254,254,254,254,254,254,254,254,84,84,84,102,102,102,102,102,102,102,84,11,11,11,254,254,254,254,254,254,254,254,254,254,254,254,254,254,254,254,254,254,254,254,254,254,
254,254,254,254,254,254,254,254,254,254,254,254,254,254,254,254,254,254,254,254,254,254,254,254,254,254,254,254,254,254,254,254,254,254,84,84,84,102,102,102,102,102,102,102,102,102,102,102,93,93,93,84,84,11,11,254,254,254,254,254,254,254,254,254,254,254,254,254,254,254,254,254,254,
254,254,254,254,254,254,254,254,254,254,254,254,254,254,254,254,254,254,254,254,254,254,254,254,254,254,254,254,254,254,254,254,254,254,84,84,84,102,102,102,102,102,102,102,102,102,102,102,93,93,93,84,84,11,11,254,254,254,254,254,254,254,254,254,254,254,254,254,254,254,254,254,254,
254,254,254,254,254,254,254,254,254,254,254,254,254,254,254,254,254,254,254,254,254,254,254,254,254,254,254,254,254,254,254,254,84,84,102,102,102,102,102,102,102,102,102,102,102,102,102,93,93,93,84,84,84,84,84,11,254,254,254,254,254,254,254,254,254,254,254,254,254,254,254,254,254,
254,254,254,254,254,254,254,254,254,254,254,254,254,254,254,254,254,254,254,254,254,254,254,254,254,254,254,254,254,254,84,84,102,102,102,102,102,102,102,102,102,102,102,93,93,93,93,84,84,84,84,84,84,84,84,84,254,254,254,254,254,254,254,254,254,254,254,254,254,254,254,254,254,
254,254,254,254,254,254,254,254,254,254,254,254,254,254,254,254,254,254,254,254,254,254,254,254,254,254,254,254,254,254,84,84,102,102,102,102,102,102,102,102,102,102,102,93,93,93,93,84,84,84,84,84,84,84,84,84,254,254,254,254,254,254,254,254,254,254,254,254,254,254,254,254,254,
254,254,254,254,254,254,254,254,254,254,254,254,254,254,254,254,254,254,254,254,254,254,254,254,254,254,254,254,254,254,84,84,102,102,102,102,102,174,255,255,255,255,255,173,173,84,84,84,84,84,84,84,84,84,84,84,0,0,254,254,254,254,254,254,254,254,254,254,254,254,254,254,254,
254,254,254,254,254,254,254,254,254,254,254,254,254,254,254,254,254,254,254,254,254,254,254,254,254,254,254,254,254,11,93,93,102,102,93,174,174,255,173,173,174,174,173,246,246,173,173,84,84,84,84,84,84,84,84,84,0,0,254,254,254,254,254,254,254,254,254,254,254,254,254,254,254,
254,254,254,254,254,254,254,254,254,254,254,254,254,254,254,254,254,254,254,254,254,254,254,254,254,254,254,254,254,11,93,93,102,102,93,174,174,255,173,173,174,174,173,246,246,173,173,84,84,84,84,84,84,84,84,84,0,0,254,254,254,254,254,254,254,254,254,254,254,254,254,254,254,
254,254,254,254,254,254,254,254,254,254,254,254,254,254,254,254,254,254,254,254,254,254,254,254,254,254,254,254,254,11,93,93,93,93,93,246,246,255,84,84,84,84,84,246,246,246,246,84,84,84,84,84,84,84,84,84,0,0,254,254,254,254,254,254,254,254,254,254,254,254,254,254,254,
254,254,254,254,254,254,254,254,254,254,254,254,254,254,254,254,254,254,254,254,254,254,254,254,254,254,254,254,254,11,93,93,93,93,84,173,173,246,246,246,173,173,164,164,164,246,246,84,84,84,84,84,84,84,84,84,0,0,254,254,254,254,254,254,254,254,254,254,254,254,254,254,254,
254,254,254,254,254,254,254,254,254,254,254,254,254,254,254,254,254,254,254,254,254,254,254,254,254,254,254,254,254,11,93,93,93,93,84,173,173,246,246,246,173,173,164,164,164,246,246,84,84,84,84,84,84,84,84,84,0,0,254,254,254,254,254,254,254,254,254,254,254,254,254,254,254,
254,254,254,254,254,254,254,254,254,254,254,254,254,254,254,254,254,254,254,254,254,254,254,254,254,254,254,254,254,254,93,93,173,173,255,255,255,246,173,173,173,173,173,173,173,164,164,164,84,84,84,84,84,84,84,84,0,0,0,254,254,254,254,254,254,254,254,254,254,254,254,254,254,
254,254,254,254,254,254,254,254,254,254,254,254,254,254,254,254,254,254,254,254,254,254,254,254,254,254,254,254,254,254,93,93,173,173,255,255,255,246,173,173,173,173,173,173,173,164,164,164,84,84,84,84,84,84,84,84,0,0,0,254,254,254,254,254,254,254,254,254,254,254,254,254,254,
254,254,254,254,254,254,254,254,254,254,254,254,254,254,254,254,254,254,254,254,254,254,254,254,254,254,254,254,254,173,255,255,255,255,255,246,246,173,173,173,173,173,173,173,173,173,173,173,173,173,164,84,84,84,84,18,18,18,83,0,0,254,254,254,254,254,254,254,254,254,254,254,254,
254,254,254,254,254,254,254,254,254,254,254,254,254,254,254,254,254,254,254,254,254,254,254,254,254,254,254,246,246,246,173,173,82,82,82,82,82,82,82,82,173,173,173,173,173,173,173,173,82,82,82,18,18,18,18,83,83,83,0,254,254,254,254,254,254,254,254,254,254,254,254,254,254,
254,254,254,254,254,254,254,254,254,254,254,254,254,254,254,254,254,254,254,254,254,254,254,254,254,254,254,246,246,246,173,173,82,82,82,82,82,82,82,82,173,173,173,173,173,173,173,173,82,82,82,18,18,18,18,83,83,83,0,254,254,254,254,254,254,254,254,254,254,254,254,254,254,
254,254,254,254,254,254,254,254,254,254,254,254,254,254,254,254,254,254,254,254,254,254,254,254,254,254,254,254,254,83,18,18,165,165,255,0,0,92,165,165,165,165,83,83,83,83,83,255,165,165,18,83,83,83,83,83,83,83,83,0,0,254,254,254,254,254,254,254,254,254,254,254,254,
254,254,254,254,254,254,254,254,254,254,254,254,254,254,254,254,254,254,254,254,254,254,254,254,254,254,254,254,254,18,18,18,165,165,255,0,0,165,165,165,165,165,165,165,165,0,0,255,165,165,165,0,0,83,83,18,18,18,0,0,0,254,254,254,254,254,254,254,254,254,254,254,254,
254,254,254,254,254,254,254,254,254,254,254,254,254,254,254,254,254,254,254,254,254,254,254,254,254,254,254,254,254,18,18,18,165,165,255,0,0,165,165,165,165,165,165,165,165,0,0,255,165,165,165,0,0,83,83,18,18,18,0,0,0,254,254,254,254,254,254,254,254,254,254,254,254,
254,254,254,254,254,254,254,254,254,254,254,254,254,254,254,254,254,254,254,254,254,254,254,254,254,254,254,254,254,254,18,18,174,174,246,83,83,174,165,165,165,165,165,165,165,83,83,246,165,165,165,83,83,165,165,174,0,0,254,254,254,254,254,254,254,254,254,254,254,254,254,254,254,
254,254,254,254,254,254,254,254,254,254,254,254,254,254,254,254,254,254,254,254,254,254,254,254,254,254,254,254,254,254,254,254,174,174,183,174,174,174,183,183,174,174,174,174,174,174,174,174,174,174,165,165,165,165,165,174,0,0,254,254,254,254,254,254,254,254,254,254,254,254,254,254,254,
254,254,254,254,254,254,254,254,254,254,254,254,254,254,254,254,254,254,254,254,254,254,254,254,254,254,254,254,254,254,254,254,174,174,183,174,174,174,183,183,174,174,174,174,174,174,174,174,174,174,165,165,165,165,165,174,0,0,254,254,254,254,254,254,254,254,254,254,254,254,254,254,254,
254,254,254,254,254,254,254,254,254,254,254,254,254,254,254,254,254,254,254,254,254,254,254,254,254,254,254,254,254,254,254,254,92,92,183,183,183,183,183,183,174,174,174,174,174,174,174,174,174,174,165,83,83,174,174,0,254,254,254,254,254,254,254,254,254,254,254,254,254,254,254,254,254,
254,254,254,254,254,254,254,254,254,254,254,254,254,254,254,254,254,254,254,254,254,254,254,254,254,254,254,254,254,254,254,254,92,92,183,183,183,183,183,183,174,174,174,174,174,174,174,174,174,174,165,83,83,174,174,0,254,254,254,254,254,254,254,254,254,254,254,254,254,254,254,254,254,
254,254,254,254,254,254,254,254,254,254,254,254,254,254,254,254,254,254,254,254,254,254,254,254,254,254,254,254,254,254,254,254,83,83,174,183,183,183,174,174,174,174,174,174,174,174,174,174,165,165,0,0,0,0,0,254,254,254,254,254,254,254,254,254,254,254,254,254,254,254,254,254,254,
254,254,254,254,254,254,254,254,254,254,254,254,254,254,254,254,254,254,254,254,254,254,254,254,254,254,254,254,254,254,254,254,254,254,92,165,165,183,183,183,92,92,92,174,174,174,174,165,0,0,254,254,254,254,254,254,254,254,254,254,254,254,254,254,254,254,254,254,254,254,254,254,254,
254,254,254,254,254,254,254,254,254,254,254,254,254,254,254,254,254,254,254,254,254,254,254,254,254,254,254,254,254,254,254,254,254,254,92,165,165,183,183,183,92,92,92,174,174,174,174,165,0,0,254,254,254,254,254,254,254,254,254,254,254,254,254,254,254,254,254,254,254,254,254,254,254,
254,254,254,254,254,254,254,254,254,254,254,254,254,254,254,254,254,254,254,254,254,254,254,254,254,254,254,254,254,254,254,254,254,254,254,164,164,83,165,165,174,174,174,165,165,165,165,0,82,82,164,254,254,254,254,254,254,254,254,254,254,254,254,254,254,254,254,254,254,254,254,254,254,
254,254,254,254,254,254,254,254,254,254,254,254,254,254,254,254,254,254,254,254,254,254,254,254,254,254,254,254,254,254,254,254,254,254,0,173,173,173,0,0,83,83,165,83,83,0,0,82,246,246,164,254,254,254,254,254,254,254,254,254,254,254,254,254,254,254,254,254,254,254,254,254,254,
254,254,254,254,254,254,254,254,254,254,254,254,254,254,254,254,254,254,254,254,254,254,254,254,254,254,254,254,254,254,254,254,254,254,0,173,173,173,0,0,83,83,165,83,83,0,0,82,246,246,164,254,254,254,254,254,254,254,254,254,254,254,254,254,254,254,254,254,254,254,254,254,254,
254,254,254,254,254,254,254,254,254,254,254,254,254,254,254,254,254,254,254,254,254,254,254,254,254,254,254,254,254,254,254,254,164,164,246,173,173,173,164,164,0,0,92,255,255,246,246,246,246,246,164,254,254,254,254,254,254,254,254,254,254,254,254,254,254,254,254,254,254,254,254,254,254,
254,254,254,254,254,254,254,254,254,254,254,254,254,254,254,254,254,254,254,254,254,254,254,254,254,254,254,254,254,254,27,27,27,27,246,173,173,173,92,92,165,165,92,255,255,246,246,246,246,246,36,18,18,18,18,254,254,254,254,254,254,254,254,254,254,254,254,254,254,254,254,254,254,
254,254,254,254,254,254,254,254,254,254,254,254,254,254,254,254,254,254,254,254,254,254,254,254,254,254,254,254,254,254,27,27,27,27,246,173,173,173,92,92,165,165,92,255,255,246,246,246,246,246,36,18,18,18,18,254,254,254,254,254,254,254,254,254,254,254,254,254,254,254,254,254,254,
254,254,254,254,254,254,254,254,254,254,254,254,254,254,254,254,254,254,254,254,254,254,254,254,254,254,254,254,254,27,109,109,118,118,84,173,173,173,83,83,165,165,92,246,246,246,246,246,84,84,109,109,109,109,109,18,0,0,254,254,254,254,254,254,254,254,254,254,254,254,254,254,254,
254,254,254,254,254,254,254,254,254,254,254,254,254,254,254,254,254,254,254,254,254,254,254,254,254,254,254,254,254,27,109,109,118,118,84,173,173,173,83,83,165,165,92,246,246,246,246,246,84,84,109,109,109,109,109,18,0,0,254,254,254,254,254,254,254,254,254,254,254,254,254,254,254,
254,254,254,254,254,254,254,254,254,254,254,254,254,254,254,254,254,254,254,254,254,254,254,254,254,254,0,82,82,36,118,118,118,118,84,0,0,173,0,0,0,0,255,246,246,246,246,84,93,93,118,118,118,118,118,82,164,164,0,0,0,254,254,254,254,254,254,254,254,254,254,254,254,
254,254,254,254,254,254,254,254,254,254,254,254,254,254,254,254,254,254,254,254,254,254,254,254,254,254,82,82,82,118,118,118,118,118,84,84,84,173,0,0,0,0,255,246,246,84,84,93,36,36,118,118,118,118,118,82,164,164,164,164,164,0,0,254,254,254,254,254,254,254,254,254,254,
254,254,254,254,254,254,254,254,254,254,254,254,254,254,254,254,254,254,254,254,254,254,254,254,254,254,82,82,82,118,118,118,118,118,84,84,84,173,0,0,0,0,255,246,246,84,84,93,36,36,118,118,118,118,118,82,164,164,164,164,164,0,0,254,254,254,254,254,254,254,254,254,254,
254,254,254,254,254,254,254,254,254,254,254,254,254,254,254,254,254,254,254,254,254,254,254,254,0,0,82,82,82,36,118,118,36,36,102,102,102,164,173,173,164,164,246,93,93,93,93,93,36,36,118,118,118,118,118,27,164,164,164,164,164,0,0,254,254,254,254,254,254,254,254,254,254,
254,254,254,254,254,254,254,254,254,254,254,254,254,254,254,254,254,254,254,254,254,254,254,254,0,0,82,82,82,36,118,118,36,36,102,102,102,164,173,173,255,255,255,84,84,93,93,102,36,36,118,118,118,109,109,82,82,82,164,164,164,0,0,254,254,254,254,254,254,254,254,254,254,
254,254,254,254,254,254,254,254,254,254,254,254,254,254,254,254,254,254,254,254,254,254,254,254,0,0,82,82,82,36,118,118,36,36,102,102,102,164,173,173,255,255,255,84,84,93,93,102,36,36,118,118,118,109,109,82,82,82,164,164,164,0,0,254,254,254,254,254,254,254,254,254,254,
254,254,254,254,254,254,254,254,254,254,254,254,254,254,254,254,254,254,254,254,254,254,254,254,0,0,82,82,82,36,109,109,102,102,102,102,102,255,173,173,255,255,102,102,102,102,102,102,36,36,109,109,109,109,109,82,82,82,164,82,82,82,82,254,254,254,254,254,254,254,254,254,254,
254,254,254,254,254,254,254,254,254,254,254,254,254,254,254,254,254,254,254,254,254,254,254,254,0,0,82,82,82,36,109,109,102,102,102,102,102,255,246,246,255,255,102,102,102,102,102,102,36,36,109,109,109,109,109,82,82,82,82,82,82,82,82,0,254,254,254,254,254,254,254,254,254,
254,254,254,254,254,254,254,254,254,254,254,254,254,254,254,254,254,254,254,254,254,254,254,254,0,0,82,82,82,36,109,109,102,102,102,102,102,255,246,246,255,255,102,102,102,102,102,102,36,36,109,109,109,109,109,82,82,82,82,82,82,82,82,0,254,254,254,254,254,254,254,254,254,
254,254,254,254,254,254,254,254,254,254,254,254,254,254,254,254,254,254,254,254,254,254,82,82,82,82,82,82,82,36,109,109,102,102,102,102,102,255,246,246,255,255,102,102,102,102,102,102,36,36,109,109,109,109,109,82,82,82,82,82,82,82,82,0,254,254,254,254,254,254,254,254,254,
254,254,254,254,254,254,254,254,254,254,254,254,254,254,254,254,254,254,254,254,254,254,0,0,82,82,82,82,82,83,36,36,102,102,102,102,102,255,246,246,174,174,102,102,102,102,102,102,102,102,36,109,109,36,36,82,82,82,82,82,82,82,82,82,0,0,254,254,254,254,254,254,254,
254,254,254,254,254,254,254,254,254,254,254,254,254,254,254,254,254,254,254,254,254,254,0,0,82,82,82,82,82,83,36,36,102,102,102,102,102,255,246,246,174,174,102,102,102,102,102,102,102,102,36,109,109,36,36,82,82,82,82,82,82,82,82,82,0,0,254,254,254,254,254,254,254,
254,254,254,254,254,254,254,254,254,254,254,254,254,254,254,254,254,254,254,254,254,0,82,82,82,82,82,82,82,83,36,36,93,93,102,102,102,255,246,246,174,174,102,102,102,102,102,102,93,93,36,36,36,36,36,82,82,82,82,82,82,82,82,82,0,0,254,254,254,254,254,254,254,
254,254,254,254,254,254,254,254,254,254,254,254,254,254,254,254,254,254,254,254,254,0,82,82,82,82,82,82,82,83,36,36,93,93,102,102,102,255,246,246,174,174,102,102,102,102,102,102,93,93,36,36,36,36,36,82,82,82,82,82,82,82,82,82,0,0,254,254,254,254,254,254,254,
254,254,254,254,254,254,254,254,254,254,254,254,254,254,254,254,254,254,254,254,254,0,82,82,82,82,82,82,82,83,36,36,93,93,93,93,93,255,246,246,174,174,93,93,93,93,93,93,93,93,27,36,36,36,36,0,82,82,82,82,82,165,165,0,254,254,254,254,254,254,254,254,254,
254,254,254,254,254,254,254,254,254,254,254,254,254,254,254,254,254,254,254,254,254,254,83,83,92,92,82,82,82,82,36,36,84,84,93,93,93,246,246,246,174,174,93,93,93,93,93,93,84,84,27,36,36,36,36,0,0,0,165,165,165,165,165,165,0,0,254,254,254,254,254,254,254,
254,254,254,254,254,254,254,254,254,254,254,254,254,254,254,254,254,254,254,254,254,254,83,83,92,92,82,82,82,82,36,36,84,84,93,93,93,246,246,246,174,174,93,93,93,93,93,93,84,84,27,36,36,36,36,0,0,0,165,165,165,165,165,165,0,0,254,254,254,254,254,254,254,
254,254,254,254,254,254,254,254,254,254,254,254,254,254,254,254,254,254,254,254,254,254,92,92,165,165,165,165,165,82,83,83,84,84,84,84,84,246,246,246,174,174,84,84,84,84,84,84,84,84,27,36,36,36,36,0,0,0,165,165,165,165,165,174,0,0,254,254,254,254,254,254,254,
254,254,254,254,254,254,254,254,254,254,254,254,254,254,254,254,254,254,254,254,254,254,92,92,165,165,165,165,165,0,11,11,84,84,84,102,102,246,246,246,102,102,84,84,84,84,84,84,84,84,11,27,27,36,36,27,0,0,174,174,174,183,183,174,0,0,254,254,254,254,254,254,254,
254,254,254,254,254,254,254,254,254,254,254,254,254,254,254,254,254,254,254,254,254,254,92,92,165,165,165,165,165,0,11,11,84,84,84,102,102,246,246,246,102,102,84,84,84,84,84,84,84,84,11,27,27,36,36,27,0,0,174,174,174,183,183,174,0,0,254,254,254,254,254,254,254,
254,254,254,254,254,254,254,254,254,254,254,254,254,254,254,254,254,254,254,254,254,92,174,174,174,174,174,83,83,0,84,84,84,84,84,174,174,246,246,246,84,84,84,84,84,84,84,84,84,84,11,27,27,36,36,27,83,83,83,183,183,183,183,183,0,0,254,254,254,254,254,254,254,
254,254,254,254,254,254,254,254,254,254,254,254,254,254,254,254,254,254,254,254,254,92,183,183,183,183,183,83,83,254,84,84,84,84,84,174,174,246,246,246,84,84,84,84,84,84,84,84,84,84,11,0,0,36,36,27,36,36,83,183,183,183,183,183,0,0,254,254,254,254,254,254,254,
254,254,254,254,254,254,254,254,254,254,254,254,254,254,254,254,254,254,254,254,254,92,183,183,183,183,183,83,83,254,84,84,84,84,84,174,174,246,246,246,84,84,84,84,84,84,84,84,84,84,11,0,0,36,36,27,36,36,83,183,183,183,183,183,0,0,254,254,254,254,254,254,254,
254,254,254,254,254,254,254,254,254,254,254,254,254,254,254,254,254,254,254,254,254,165,183,183,183,183,183,0,0,254,84,84,84,84,84,174,174,246,246,246,84,84,84,84,84,84,84,84,84,84,11,0,0,82,82,82,36,36,0,183,183,183,183,183,183,183,0,254,254,254,254,254,254,
254,254,254,254,254,254,254,254,254,254,254,254,254,254,254,254,254,254,254,254,254,165,183,183,183,183,183,0,0,254,84,84,84,84,84,174,174,246,246,246,84,84,84,84,84,84,84,84,84,84,11,0,0,82,82,82,36,36,0,183,183,183,183,183,183,183,0,254,254,254,254,254,254,
254,254,254,254,254,254,254,254,254,254,254,254,254,254,254,254,254,254,254,92,92,183,183,183,183,183,183,0,0,11,84,84,84,84,84,174,174,246,246,246,84,84,84,84,84,84,84,84,84,84,84,0,0,36,36,82,82,82,0,183,183,183,183,183,183,183,0,254,254,254,254,254,254,
254,254,254,254,254,254,254,254,254,254,254,254,254,254,254,254,254,254,254,165,165,183,183,183,183,183,83,0,0,11,84,84,84,84,84,174,174,246,246,246,84,84,84,84,84,84,84,84,84,84,84,0,0,36,36,36,36,36,36,83,83,183,183,183,183,183,0,254,254,254,254,254,254,
254,254,254,254,254,254,254,254,254,254,254,254,254,254,254,254,254,254,254,165,165,183,183,183,183,183,83,0,0,11,84,84,84,84,84,174,174,246,246,246,84,84,84,84,84,84,84,84,84,84,84,0,0,36,36,36,36,36,36,83,83,183,183,183,183,183,0,254,254,254,254,254,254,
254,254,254,254,254,254,254,254,254,254,254,254,254,254,254,254,254,254,92,183,183,183,183,183,183,183,0,254,254,11,84,84,84,84,84,246,246,246,246,246,84,84,84,84,84,84,84,84,84,84,84,0,0,36,36,36,36,36,36,0,0,183,183,183,183,183,0,254,254,254,254,254,254,
254,254,254,254,254,254,254,254,254,254,254,254,254,254,254,254,254,254,92,183,183,183,183,183,183,183,0,82,82,82,84,84,84,84,84,246,246,246,246,246,84,84,84,84,84,84,84,84,84,84,84,0,0,36,36,36,36,36,36,0,0,183,183,183,174,174,0,254,254,254,254,254,254,
254,254,254,254,254,254,254,254,254,254,254,254,254,254,254,254,254,254,92,183,183,183,183,183,183,183,0,82,82,82,84,84,84,84,84,246,246,246,246,246,84,84,84,84,84,84,84,84,84,84,84,0,0,36,36,36,36,36,36,0,0,183,183,183,174,174,0,254,254,254,254,254,254,
254,254,254,254,254,254,254,254,254,254,254,254,254,254,254,254,254,254,0,82,82,82,183,183,83,83,254,82,82,82,82,82,82,82,82,82,82,82,82,82,82,82,82,82,82,82,82,82,82,82,0,0,0,36,36,36,36,36,36,82,82,82,82,82,82,82,82,254,254,254,254,254,254,
254,254,254,254,254,254,254,254,254,254,254,254,254,254,254,254,254,254,0,82,82,82,82,82,83,83,254,162,162,172,172,172,82,82,82,82,82,82,82,82,82,82,82,82,82,82,82,163,163,163,163,0,0,82,82,82,82,82,0,82,82,82,82,82,82,82,82,254,254,254,254,254,254,
254,254,254,254,254,254,254,254,254,254,254,254,254,254,254,254,254,254,0,82,82,82,82,82,83,83,254,162,162,172,172,172,82,82,82,82,82,82,82,82,82,82,82,82,82,82,82,163,163,163,163,0,0,82,82,82,82,82,0,82,82,82,82,82,82,82,82,254,254,254,254,254,254,
254,254,254,254,254,254,254,254,254,254,254,254,254,254,254,254,92,92,183,183,183,165,82,82,0,0,254,162,162,172,172,172,172,172,172,81,81,163,162,162,172,172,172,172,172,172,172,172,172,172,172,163,163,0,0,82,82,82,0,82,82,174,174,183,183,183,0,254,254,254,254,254,254,
254,254,254,254,254,254,254,254,254,254,254,254,254,254,254,254,165,165,183,183,183,183,183,183,0,0,81,162,162,172,172,172,172,172,172,81,81,163,162,162,172,172,172,172,172,172,172,172,172,172,172,163,163,0,0,82,82,82,92,183,183,183,183,183,183,183,183,0,0,254,254,254,254,
254,254,254,254,254,254,254,254,254,254,254,254,254,254,254,254,165,165,183,183,183,183,183,183,0,0,81,162,162,172,172,172,172,172,172,81,81,163,162,162,172,172,172,172,172,172,172,172,172,172,172,163,163,0,0,82,82,82,92,183,183,183,183,183,183,183,183,0,0,254,254,254,254,
254,254,254,254,254,254,254,254,254,254,254,254,254,254,254,254,183,183,183,183,183,183,183,183,174,174,162,172,172,172,172,172,172,172,162,81,81,81,163,163,162,162,172,172,172,172,172,172,172,172,172,172,172,0,0,0,92,92,183,183,183,183,183,183,183,183,183,0,0,254,254,254,254,
254,254,254,254,254,254,254,254,254,254,254,254,254,254,254,254,183,183,183,183,183,183,183,183,174,174,162,172,172,172,172,172,172,172,162,81,81,81,163,163,162,162,172,172,172,172,172,172,172,172,172,172,172,0,0,0,92,92,183,183,183,183,183,183,183,183,183,0,0,254,254,254,254,
254,254,254,254,254,254,254,254,254,254,254,254,254,254,254,254,183,183,183,183,183,183,174,174,174,174,162,172,172,172,172,172,172,172,163,162,162,162,81,81,162,162,172,172,172,172,172,172,172,172,172,172,172,0,0,254,92,92,183,183,183,183,183,183,183,183,183,0,0,254,254,254,254,
254,254,254,254,254,254,254,254,254,254,254,254,254,254,254,254,0,0,183,174,174,183,165,165,0,0,162,172,172,172,172,172,172,172,172,163,163,162,81,81,162,162,172,172,172,172,172,172,172,172,172,172,172,0,0,254,254,254,92,183,183,183,183,174,183,183,0,254,254,254,254,254,254,
254,254,254,254,254,254,254,254,254,254,254,254,254,254,254,254,0,0,183,174,174,183,165,165,0,0,162,172,172,172,172,172,172,172,172,163,163,162,81,81,162,162,172,172,172,172,172,172,172,172,172,172,172,0,0,254,254,254,92,183,183,183,183,174,183,183,0,254,254,254,254,254,254,
254,254,254,254,254,254,254,254,254,254,254,254,254,254,254,254,254,254,0,165,165,165,165,165,92,92,162,172,172,172,172,172,172,172,172,172,172,163,0,0,81,81,172,172,172,172,172,172,172,172,172,172,172,172,172,0,254,254,92,183,183,174,174,92,0,0,254,254,254,254,254,254,254,
254,254,254,254,254,254,254,254,254,254,254,254,254,254,254,254,254,254,254,254,254,0,0,0,254,254,162,172,172,172,172,172,172,172,172,172,172,172,0,0,81,81,162,172,172,172,172,172,172,172,172,172,172,172,172,0,254,254,254,92,92,92,92,254,254,254,254,254,254,254,254,254,254,
254,254,254,254,254,254,254,254,254,254,254,254,254,254,254,254,254,254,254,254,254,0,0,0,254,254,162,172,172,172,172,172,172,172,172,172,172,172,0,0,81,81,162,172,172,172,172,172,172,172,172,172,172,172,172,0,254,254,254,92,92,92,92,254,254,254,254,254,254,254,254,254,254,
254,254,254,254,254,254,254,254,254,254,254,254,254,254,254,254,254,254,254,254,254,254,254,254,254,254,163,172,172,172,172,172,172,172,172,172,172,172,0,0,254,254,81,172,172,172,172,172,172,172,172,172,172,172,172,0,254,254,254,254,254,254,254,254,254,254,254,254,254,254,254,254,254,
254,254,254,254,254,254,254,254,254,254,254,254,254,254,254,254,254,254,254,254,254,254,254,254,162,162,172,172,172,172,172,172,172,172,172,172,172,81,254,254,254,254,81,162,162,172,172,172,172,172,172,172,172,172,172,0,254,254,254,254,254,254,254,254,254,254,254,254,254,254,254,254,254,
254,254,254,254,254,254,254,254,254,254,254,254,254,254,254,254,254,254,254,254,254,254,254,254,162,162,172,172,172,172,172,172,172,172,172,172,172,81,254,254,254,254,81,162,162,172,172,172,172,172,172,172,172,172,172,0,254,254,254,254,254,254,254,254,254,254,254,254,254,254,254,254,254,
254,254,254,254,254,254,254,254,254,254,254,254,254,254,254,254,254,254,254,254,254,254,254,254,162,162,172,172,172,172,172,172,172,172,172,172,172,0,254,254,254,254,254,81,81,172,172,172,172,172,172,172,172,172,172,81,254,254,254,254,254,254,254,254,254,254,254,254,254,254,254,254,254,
254,254,254,254,254,254,254,254,254,254,254,254,254,254,254,254,254,254,254,254,254,254,254,254,162,162,172,172,172,172,172,172,172,172,172,172,172,0,254,254,254,254,254,81,81,172,172,172,172,172,172,172,172,172,172,81,254,254,254,254,254,254,254,254,254,254,254,254,254,254,254,254,254,
254,254,254,254,254,254,254,254,254,254,254,254,254,254,254,254,254,254,254,254,254,254,254,254,162,162,172,172,172,172,172,172,172,172,172,172,172,0,254,254,254,254,254,81,81,172,172,172,172,172,172,172,172,172,172,172,0,0,254,254,254,254,254,254,254,254,254,254,254,254,254,254,254,
254,254,254,254,254,254,254,254,254,254,254,254,254,254,254,254,254,254,254,254,254,254,254,254,162,162,172,172,172,172,172,172,172,172,172,172,172,0,254,254,254,254,254,81,81,172,172,172,172,172,172,172,172,172,172,163,0,0,254,254,254,254,254,254,254,254,254,254,254,254,254,254,254,
245,245,245,245,245,245,245,245,245,245,245,245,245,245,245,245,245,245,245,245,245,245,245,245,162,162,172,172,172,172,172,172,172,172,172,172,172,0,245,245,245,245,245,81,81,172,172,172,172,172,172,172,172,172,172,163,0,0,245,245,245,245,245,245,245,245,245,245,245,245,245,245,245,
245,245,245,245,245,245,245,245,245,245,245,245,245,245,245,245,245,245,245,245,245,245,245,245,162,162,172,172,172,172,172,172,172,172,172,172,172,0,245,245,245,245,245,245,245,162,162,172,172,172,172,172,172,172,172,163,81,81,245,245,245,245,245,245,245,245,245,245,245,245,245,245,245,
163,163,163,163,163,163,163,163,163,163,163,163,163,163,163,163,163,163,163,163,163,163,163,163,162,162,172,172,172,172,172,172,172,172,172,81,81,163,163,163,163,163,163,163,163,81,81,172,172,172,172,172,172,172,172,163,81,81,0,163,163,163,163,163,163,163,163,163,163,163,163,163,163,
163,163,163,163,163,163,163,163,163,163,163,163,163,163,163,163,163,163,163,163,163,163,163,163,162,162,172,172,172,172,172,172,172,172,172,81,81,163,163,163,163,163,163,163,163,81,81,172,172,172,172,172,172,172,172,163,81,81,0,163,163,163,163,163,163,163,163,163,163,163,163,163,163,
162,162,162,162,162,162,162,162,162,162,162,162,162,162,162,162,162,162,162,162,162,162,162,162,81,81,162,172,172,172,172,172,172,172,163,0,0,162,162,162,162,162,162,162,162,81,81,172,172,172,162,172,172,172,172,163,81,81,0,162,162,162,162,162,162,162,162,162,162,162,162,162,162,
162,162,162,162,162,162,162,162,162,162,162,162,162,162,162,162,162,162,162,162,162,162,162,162,81,81,162,172,172,172,172,172,163,163,163,0,0,162,162,162,162,162,162,162,162,81,81,172,172,172,162,172,172,172,172,163,81,81,81,162,162,162,162,162,162,162,162,162,162,162,162,162,162,
162,162,162,162,162,162,162,162,162,162,162,162,162,162,162,162,162,162,162,162,162,162,162,162,81,81,162,172,172,172,172,172,163,163,163,0,0,162,162,162,162,162,162,162,162,81,81,172,172,172,162,172,172,172,172,163,81,81,81,162,162,162,162,162,162,162,162,162,162,162,162,162,162,
162,162,162,162,162,162,162,162,162,162,162,162,162,162,162,162,162,162,162,162,162,162,162,162,81,81,162,172,172,172,172,172,162,162,163,0,0,162,162,162,162,162,162,162,162,162,162,81,163,163,162,163,163,172,172,163,81,81,162,0,0,162,162,162,162,162,162,162,162,162,162,162,162,
162,162,162,162,162,162,162,162,162,162,162,162,162,162,162,162,162,162,162,162,162,162,162,162,81,81,163,163,163,172,163,163,162,162,163,163,163,0,162,162,162,162,162,162,162,162,162,162,81,81,163,162,162,172,172,163,81,81,162,0,0,162,162,162,162,162,162,162,162,162,162,162,162,
162,162,162,162,162,162,162,162,162,162,162,162,162,162,162,162,162,162,162,162,162,162,162,162,81,81,163,163,163,172,163,163,162,162,163,163,163,0,162,162,162,162,162,162,162,162,162,162,81,81,163,162,162,172,172,163,81,81,162,0,0,162,162,162,162,162,162,162,162,162,162,162,162,
162,162,162,162,162,162,162,162,162,162,162,162,162,162,162,162,162,162,162,162,162,162,162,162,81,81,163,163,163,163,162,162,163,163,163,163,163,0,162,162,162,162,162,162,162,162,162,162,81,81,163,162,162,163,163,162,81,81,162,162,162,0,0,162,162,162,162,162,162,162,162,162,162,
162,162,162,162,162,162,162,162,162,162,162,162,162,162,162,162,162,162,162,162,162,162,162,162,81,81,163,163,163,163,162,162,163,163,163,163,163,0,162,162,162,162,162,162,162,162,162,162,81,81,163,162,162,163,163,162,81,81,162,162,162,0,0,162,162,162,162,162,162,162,162,162,162,
162,162,162,162,162,162,162,162,162,162,162,162,162,162,162,162,162,162,162,162,162,162,162,162,81,81,163,163,163,163,162,162,163,163,163,162,162,162,162,162,162,162,162,162,162,162,162,162,81,81,163,163,163,163,163,162,81,81,162,162,162,0,0,162,162,162,162,162,162,162,162,162,162,
162,162,162,162,162,162,162,162,162,162,162,162,162,162,162,162,162,162,162,162,162,162,162,162,81,81,163,163,163,163,162,162,163,163,163,81,81,162,162,162,162,162,162,162,162,162,162,162,162,162,81,81,81,163,163,162,162,162,81,162,162,162,162,0,162,162,162,162,162,162,162,162,162,
162,162,162,162,162,162,162,162,162,162,162,162,162,162,162,162,162,162,162,162,162,162,162,162,81,81,163,163,163,163,162,162,163,163,163,81,81,162,162,162,162,162,162,162,162,162,162,162,162,162,81,81,81,163,163,162,162,162,81,162,162,162,162,0,162,162,162,162,162,162,162,162,162,
162,162,162,162,162,162,162,162,162,162,162,162,162,162,162,162,171,171,171,171,172,172,172,172,0,0,163,163,163,163,162,162,163,163,163,81,81,172,172,172,172,172,172,172,172,172,172,172,172,172,81,162,162,81,81,162,162,162,81,162,162,162,162,0,162,162,162,162,162,162,162,162,162,
162,162,162,162,162,162,162,162,162,162,162,162,162,162,162,162,171,171,171,171,172,172,172,172,0,0,163,163,163,163,163,163,163,163,163,162,162,0,172,172,172,172,172,172,172,172,172,172,172,172,81,162,162,162,162,162,162,162,81,162,162,162,162,0,162,162,162,162,162,162,162,162,162,
162,162,162,162,162,162,162,171,171,172,172,172,172,172,172,172,172,172,172,172,172,172,172,172,0,0,163,163,163,163,163,163,163,163,163,162,162,0,172,172,172,172,172,172,172,172,172,172,172,172,81,162,162,162,162,162,162,162,81,162,162,162,162,0,171,162,162,162,162,162,162,162,162,
171,171,171,172,172,172,172,172,172,172,172,172,172,172,172,172,172,172,172,172,181,181,181,254,0,0,163,163,163,163,163,163,163,163,162,81,81,0,254,254,254,254,254,254,254,254,254,254,254,181,81,81,81,162,162,162,162,162,162,81,81,162,162,0,172,172,172,172,172,171,171,171,162,
171,171,171,172,172,172,172,172,172,172,172,172,172,172,172,172,172,172,172,172,181,181,81,81,162,162,81,163,163,163,163,163,81,81,81,162,162,0,254,254,254,254,254,254,254,254,254,254,254,181,81,81,81,162,162,162,162,162,162,81,81,162,162,162,0,0,172,172,172,171,171,171,162,
172,172,172,172,172,172,172,172,172,181,181,254,254,254,254,254,254,254,254,254,254,254,81,81,162,162,81,163,163,163,163,163,81,81,81,162,162,0,254,254,254,254,254,254,254,254,254,254,254,254,81,81,81,162,162,162,162,162,162,81,81,162,162,162,0,0,172,172,172,172,172,172,172,
172,181,181,181,254,254,254,254,254,254,254,254,254,254,254,254,254,254,254,254,254,254,0,0,162,162,81,162,162,81,81,81,163,163,163,162,162,0,254,254,254,254,254,254,254,254,254,254,254,254,81,81,81,81,81,162,162,162,162,81,81,162,162,162,0,0,254,254,181,181,181,172,172,
172,181,181,181,254,254,254,254,254,254,254,254,254,254,254,254,254,254,254,254,254,254,0,0,162,162,81,162,162,81,81,81,163,163,163,162,162,0,254,254,254,254,254,254,254,254,254,254,254,254,81,81,81,81,81,162,162,162,162,81,81,162,162,162,0,0,254,254,181,181,181,172,172,
254,254,254,254,254,254,254,254,254,254,254,254,254,254,254,254,254,254,254,254,254,254,0,0,81,81,162,162,162,162,162,162,162,162,162,81,81,0,254,254,254,254,254,254,254,254,254,254,254,254,81,162,162,81,81,162,162,162,162,162,162,81,81,162,0,0,254,254,254,254,254,254,254,
254,254,254,254,254,254,254,254,254,254,254,254,254,254,254,254,254,254,254,254,254,254,254,254,0,0,11,11,11,162,162,162,162,162,81,162,162,0,254,254,254,254,254,254,254,254,254,254,254,254,81,162,162,81,81,162,162,162,162,162,162,81,81,162,0,0,254,254,254,254,254,254,254,
254,254,254,254,254,254,254,254,254,254,254,254,254,254,254,254,254,254,254,254,254,254,254,254,0,0,11,11,11,162,162,162,162,162,81,162,162,0,254,254,254,254,254,254,254,254,254,254,254,254,81,162,162,81,81,162,162,162,162,162,162,81,81,162,0,0,254,254,254,254,254,254,254,
254,254,254,254,254,254,254,254,254,254,254,254,254,254,254,254,254,254,254,82,82,82,84,84,93,93,93,93,93,11,81,81,162,162,81,81,81,254,254,254,254,254,254,254,254,254,254,254,254,254,0,162,162,162,162,162,11,11,11,81,81,81,81,81,81,81,254,254,254,254,254,254,254,
254,254,254,254,254,254,254,254,254,254,254,254,254,254,254,254,254,254,82,82,82,164,164,164,82,82,82,82,82,84,84,84,81,81,0,0,0,254,254,254,254,254,254,254,254,254,254,254,254,254,0,162,162,0,0,0,93,93,84,11,11,0,0,81,81,81,254,254,254,254,254,254,254,
254,254,254,254,254,254,254,254,254,254,254,254,254,254,254,254,254,254,82,82,82,164,164,164,82,82,82,82,82,84,84,84,81,81,0,0,0,254,254,254,254,254,254,254,254,254,254,254,254,254,0,162,162,0,0,0,93,93,84,11,11,0,0,81,81,81,254,254,254,254,254,254,254,
254,254,254,254,254,254,254,254,254,254,254,254,254,254,254,254,254,254,82,246,246,246,246,246,246,246,82,82,82,82,84,84,0,0,0,0,0,254,254,254,254,254,254,254,254,254,254,254,254,254,254,0,0,82,82,164,164,164,164,82,82,11,11,11,0,0,254,254,254,254,254,254,254,
254,254,254,254,254,254,254,254,254,254,254,254,254,254,254,254,254,254,82,173,173,173,173,173,173,173,173,164,164,82,0,0,0,0,0,254,254,254,254,254,254,254,254,254,254,254,254,254,254,254,254,0,0,173,173,82,82,82,82,82,82,82,82,11,0,0,254,254,254,254,254,254,254,
254,254,254,254,254,254,254,254,254,254,254,254,254,254,254,254,254,254,82,173,173,173,173,173,173,173,173,164,164,82,0,0,0,0,0,254,254,254,254,254,254,254,254,254,254,254,254,254,254,254,254,0,0,173,173,82,82,82,82,82,82,82,82,11,0,0,254,254,254,254,254,254,254,
254,254,254,254,254,254,254,254,254,254,254,254,254,254,254,254,254,254,254,0,0,0,0,0,0,0,0,0,0,0,254,254,254,254,254,254,254,254,254,254,254,254,254,254,254,254,254,254,254,254,254,0,0,246,246,246,246,246,246,246,246,173,173,82,0,0,254,254,254,254,254,254,254,
254,254,254,254,254,254,254,254,254,254,254,254,254,254,254,254,254,254,254,254,254,254,254,254,254,254,254,254,254,254,254,254,254,254,254,254,254,254,254,254,254,254,254,254,254,254,254,254,254,254,254,254,254,0,0,0,164,164,164,164,164,0,0,0,254,254,254,254,254,254,254,254,254,
254,254,254,254,254,254,254,254,254,254,254,254,254,254,254,254,254,254,254,254,254,254,254,254,254,254,254,254,254,254,254,254,254,254,254,254,254,254,254,254,254,254,254,254,254,254,254,254,254,254,254,254,254,0,0,0,164,164,164,164,164,0,0,0,254,254,254,254,254,254,254,254,254,


