intro_blue: .word 73, 129
.byte 254,254,254,254,254,254,254,254,254,254,254,254,254,254,254,254,254,254,254,254,254,254,254,254,254,254,254,254,254,254,254,254,254,254,254,254,29,29,20,254,254,254,254,254,254,254,254,254,254,254,254,254,254,254,254,254,254,254,254,254,254,254,254,254,254,254,254,254,254,254,254,254,254,
254,254,254,254,254,254,254,254,254,254,254,254,254,254,254,254,254,254,254,254,254,254,254,254,254,254,254,254,254,254,254,254,254,254,254,254,29,29,20,254,254,254,254,254,254,254,254,254,254,254,254,254,254,254,254,254,254,254,254,254,254,254,254,254,254,254,254,254,254,254,254,254,254,
254,254,254,254,254,254,254,254,254,254,254,254,254,254,254,254,254,254,254,254,254,254,254,254,254,254,254,254,254,254,254,254,254,254,254,254,20,20,29,20,20,254,254,254,254,254,254,254,254,254,254,254,254,254,254,254,254,254,254,254,254,254,254,254,254,254,254,254,254,254,254,254,254,
254,254,254,254,254,254,254,254,254,254,254,254,254,254,254,254,254,254,254,254,254,102,102,102,102,29,29,29,29,29,254,254,254,254,254,254,20,20,102,102,102,20,20,20,20,254,254,254,254,254,0,0,254,254,254,254,254,254,254,254,254,254,254,254,254,254,254,254,254,254,254,254,254,
254,254,254,254,254,254,254,254,254,254,254,254,254,254,254,254,254,254,254,254,254,20,20,110,110,110,110,110,110,110,102,102,29,29,29,29,29,29,20,102,102,102,102,102,102,20,254,254,20,20,20,20,254,254,254,254,254,254,254,254,254,254,254,254,254,254,254,254,254,254,254,254,254,
254,254,254,254,254,254,254,254,254,254,254,254,254,254,254,254,254,254,254,254,254,20,20,110,110,110,110,110,110,110,102,102,29,29,29,29,29,29,20,102,102,102,102,102,102,20,254,254,20,20,20,20,254,254,254,254,254,254,254,254,254,254,254,254,254,254,254,254,254,254,254,254,254,
254,254,254,254,254,254,254,254,254,254,254,254,254,254,254,254,254,254,254,254,254,254,254,20,20,110,110,110,110,110,110,110,110,110,110,110,110,110,29,102,102,102,102,102,102,102,20,20,20,20,29,29,0,0,254,254,254,254,254,254,254,254,254,254,254,254,254,254,254,254,254,254,254,
254,254,254,254,254,254,254,254,254,254,254,254,254,254,254,254,254,254,254,254,254,254,254,20,20,110,110,110,110,110,110,110,110,110,110,110,110,110,29,102,102,102,102,102,102,102,20,20,20,20,29,29,0,0,254,254,254,254,254,254,254,254,254,254,254,254,254,254,254,254,254,254,254,
254,254,254,254,254,254,254,254,254,254,254,254,254,254,254,254,254,254,254,254,254,254,254,254,254,20,20,110,110,110,110,110,110,110,110,110,110,110,110,102,102,102,102,102,102,102,29,29,20,20,29,29,0,0,254,254,254,254,254,254,254,254,254,254,254,254,254,254,254,254,254,254,254,
254,254,254,254,254,254,254,254,254,254,254,254,254,254,254,254,254,254,254,254,254,254,254,254,254,20,20,20,20,29,110,110,110,110,110,110,110,110,110,110,110,102,102,102,102,102,29,29,29,29,29,29,20,20,0,254,254,254,254,254,254,254,254,254,254,254,254,254,254,254,254,254,254,
254,254,254,254,254,254,254,254,254,254,254,254,254,254,254,254,254,254,254,254,254,254,254,254,254,20,20,20,20,29,110,110,110,110,110,110,110,110,110,110,110,102,102,102,102,102,29,29,29,29,29,29,20,20,0,254,254,254,254,254,254,254,254,254,254,254,254,254,254,254,254,254,254,
254,254,254,254,254,254,254,254,254,254,254,254,254,254,254,254,254,254,254,254,254,254,254,20,20,29,29,110,110,110,110,110,110,110,110,110,110,110,110,110,110,102,102,102,102,102,102,102,29,29,29,29,29,29,0,254,254,20,20,0,0,254,254,254,254,254,254,254,254,254,254,254,254,
254,254,254,254,254,254,254,254,254,254,254,254,254,254,254,254,254,254,254,254,254,20,20,102,102,102,102,110,110,110,110,110,110,110,110,110,110,110,110,102,102,102,102,29,29,102,29,29,29,29,29,29,29,29,20,20,20,29,29,0,0,254,254,254,254,254,254,254,254,254,254,254,254,
254,254,254,254,254,254,254,254,254,254,254,254,254,254,254,254,254,254,254,254,254,20,20,102,102,102,102,110,110,110,110,110,110,110,110,110,110,110,110,102,102,102,102,29,29,102,29,29,29,29,29,29,29,29,20,20,20,29,29,0,0,254,254,254,254,254,254,254,254,254,254,254,254,
254,254,254,254,254,254,254,254,254,254,254,254,254,254,254,254,254,254,20,20,29,102,102,102,102,110,110,110,110,110,110,110,29,29,110,110,110,110,110,102,102,29,29,20,20,29,29,29,29,29,29,29,29,29,20,29,29,20,20,254,254,254,254,254,254,254,254,254,254,254,254,254,254,
254,254,254,254,254,254,254,254,254,254,254,254,254,254,254,254,254,254,20,20,29,102,102,102,102,110,110,110,110,110,110,110,29,29,110,110,110,110,110,102,102,29,29,20,20,29,29,29,29,29,29,29,29,29,20,29,29,20,20,254,254,254,254,254,254,254,254,254,254,254,254,254,254,
254,254,254,254,254,254,254,254,254,254,254,254,254,254,254,254,20,20,102,102,102,102,102,102,102,110,110,110,110,110,29,29,110,110,110,110,110,110,102,29,29,20,20,101,101,20,29,29,29,29,29,29,29,29,29,29,29,0,0,254,254,254,254,254,254,254,254,254,254,254,254,254,254,
254,254,254,254,254,254,254,254,254,254,254,254,254,254,254,254,254,254,20,20,29,102,102,110,110,110,110,110,110,29,20,20,110,110,110,110,20,20,102,20,20,174,174,174,174,101,29,29,29,29,29,29,29,29,29,20,20,0,0,254,254,254,254,254,254,254,254,254,254,254,254,254,254,
254,254,254,254,254,254,254,254,254,254,254,254,254,254,254,254,254,254,20,20,29,102,102,110,110,110,110,110,110,29,20,20,110,110,110,110,20,20,102,20,20,174,174,174,174,101,29,29,29,29,29,29,29,29,29,20,20,0,0,254,254,254,254,254,254,254,254,254,254,254,254,254,254,
254,254,254,254,254,254,254,254,254,254,254,254,254,254,254,254,254,254,254,254,254,20,20,110,110,102,102,29,29,20,110,110,102,102,20,20,101,101,20,174,174,174,174,174,174,174,20,20,29,29,29,29,29,29,20,0,0,254,254,254,254,254,254,254,254,254,254,254,254,254,254,254,254,
254,254,254,254,254,254,254,254,254,254,254,254,254,254,254,254,254,254,254,254,254,20,20,110,110,102,102,29,29,20,110,110,102,102,20,20,101,101,20,174,174,174,174,174,174,174,20,20,29,29,29,29,29,29,20,0,0,254,254,254,254,254,254,254,254,254,254,254,254,254,254,254,254,
254,254,254,254,254,254,254,254,254,254,254,254,254,254,254,254,254,254,254,254,254,20,20,102,102,29,29,20,20,29,102,102,20,20,174,174,20,20,174,174,174,174,174,20,20,20,20,20,29,29,29,29,29,29,20,20,20,0,0,254,254,254,254,254,254,254,254,254,254,254,254,254,254,
254,254,254,254,254,254,254,254,254,254,254,254,254,254,254,254,254,254,254,254,254,20,20,102,102,29,29,20,20,29,102,102,20,20,174,174,20,20,174,174,174,174,174,20,20,20,20,20,29,29,29,29,29,29,20,20,20,0,0,254,254,254,254,254,254,254,254,254,254,254,254,254,254,
254,254,254,254,254,254,254,254,254,254,254,254,254,254,254,254,254,254,254,254,254,29,29,29,29,29,29,20,20,102,0,0,20,20,174,174,174,174,174,20,20,20,20,0,0,174,101,101,0,0,20,20,20,20,20,0,0,254,254,254,254,254,254,254,254,254,254,254,254,254,254,254,254,
254,254,254,254,254,254,254,254,254,254,254,254,254,254,254,254,254,254,254,254,254,29,29,29,29,29,29,20,20,102,0,0,20,20,174,174,174,174,174,20,20,20,20,0,0,174,101,101,0,0,20,20,20,20,20,0,0,254,254,254,254,254,254,254,254,254,254,254,254,254,254,254,254,
254,254,254,254,254,254,254,254,254,254,254,254,254,254,254,254,254,254,254,254,20,29,29,0,0,0,0,174,174,174,255,255,0,0,174,174,174,174,174,101,101,255,255,0,0,174,174,174,83,83,101,101,174,174,0,254,254,254,254,254,254,254,254,254,254,254,254,254,254,254,254,254,254,
254,254,254,254,254,254,254,254,254,254,254,254,254,254,254,254,254,254,254,254,0,0,0,254,254,254,254,0,0,174,173,173,83,83,174,174,174,174,174,174,174,173,173,83,83,174,174,174,101,101,101,101,174,174,0,254,254,254,254,254,254,254,254,254,254,254,254,254,254,254,254,254,254,
254,254,254,254,254,254,254,254,254,254,254,254,254,254,254,254,254,254,254,254,0,0,0,254,254,254,254,0,0,174,173,173,83,83,174,174,174,174,174,174,174,173,173,83,83,174,174,174,101,101,101,101,174,174,0,254,254,254,254,254,254,254,254,254,254,254,254,254,254,254,254,254,254,
254,254,254,254,254,254,254,254,254,254,254,254,254,254,254,254,254,254,254,254,254,254,254,254,254,254,254,0,0,183,174,174,174,174,183,183,174,174,174,174,174,174,174,174,174,174,174,174,83,83,101,101,0,0,254,254,254,254,254,254,254,254,254,254,254,254,254,254,254,254,254,254,254,
254,254,254,254,254,254,254,254,254,254,254,254,254,254,254,254,254,254,254,254,254,254,254,254,254,254,254,0,0,101,183,183,183,183,183,183,174,174,174,174,174,174,174,174,174,174,0,0,83,83,0,0,254,254,254,254,254,254,254,254,254,254,254,254,254,254,254,254,254,254,254,254,254,
254,254,254,254,254,254,254,254,254,254,254,254,254,254,254,254,254,254,254,254,254,254,254,254,254,254,254,0,0,101,183,183,183,183,183,183,174,174,174,174,174,174,174,174,174,174,0,0,83,83,0,0,254,254,254,254,254,254,254,254,254,254,254,254,254,254,254,254,254,254,254,254,254,
254,254,254,254,254,254,254,254,254,254,254,254,254,254,254,254,254,254,254,254,254,254,254,254,254,254,254,254,254,174,183,183,183,183,174,174,174,174,174,174,174,174,174,174,174,101,0,0,254,254,254,254,254,254,254,254,254,254,254,254,254,254,254,254,254,254,254,254,254,254,254,254,254,
254,254,254,254,254,254,254,254,254,254,254,254,254,254,254,254,254,254,254,254,254,254,254,254,254,254,254,254,254,174,183,183,183,183,174,174,174,174,174,174,174,174,174,174,174,101,0,0,254,254,254,254,254,254,254,254,254,254,254,254,254,254,254,254,254,254,254,254,254,254,254,254,254,
254,254,254,254,254,254,254,254,254,254,254,254,254,254,254,254,254,254,254,254,254,254,254,254,254,254,254,254,254,254,101,101,183,183,183,183,92,92,92,174,174,174,174,101,101,0,82,82,0,0,254,254,254,254,254,254,254,254,254,254,254,254,254,254,254,254,254,254,254,254,254,254,254,
254,254,254,254,254,254,254,254,254,254,254,254,254,254,254,254,254,254,254,254,254,254,254,254,254,254,254,254,254,0,82,82,0,0,101,101,174,174,174,101,101,0,0,82,82,82,82,82,0,0,254,254,254,254,254,254,254,254,254,254,254,254,254,254,254,254,254,254,254,254,254,254,254,
254,254,254,254,254,254,254,254,254,254,254,254,254,254,254,254,254,254,254,254,254,254,254,254,254,254,254,254,254,0,82,82,0,0,101,101,174,174,174,101,101,0,0,82,82,82,82,82,0,0,254,254,254,254,254,254,254,254,254,254,254,254,254,254,254,254,254,254,254,254,254,254,254,
254,254,254,254,254,254,254,254,254,254,254,254,254,254,254,254,254,254,254,254,254,254,254,254,254,254,254,254,254,82,82,82,82,82,0,0,83,83,92,92,92,0,0,82,82,82,0,0,82,82,254,254,254,254,254,254,254,254,254,254,254,254,254,254,254,254,254,254,254,254,254,254,254,
254,254,254,254,254,254,254,254,254,254,254,254,254,254,254,254,254,254,254,254,254,254,254,254,254,254,254,254,254,0,82,82,82,82,82,82,82,82,101,101,101,0,0,82,82,82,0,0,82,82,82,82,0,0,254,254,254,254,254,254,254,254,254,254,254,254,254,254,254,254,254,254,254,
254,254,254,254,254,254,254,254,254,254,254,254,254,254,254,254,254,254,254,254,254,254,254,254,254,254,254,254,254,0,82,82,82,82,82,82,82,82,101,101,101,0,0,82,82,82,0,0,82,82,82,82,0,0,254,254,254,254,254,254,254,254,254,254,254,254,254,254,254,254,254,254,254,
254,254,254,254,254,254,254,254,254,254,254,254,254,254,254,254,254,254,254,254,254,254,254,254,254,254,254,254,254,254,82,82,82,82,82,82,92,92,101,101,101,0,0,82,82,82,82,82,91,91,82,82,82,82,0,0,0,254,254,254,254,254,254,254,254,254,254,254,254,254,254,254,254,
254,254,254,254,254,254,254,254,254,254,254,254,254,254,254,254,254,254,254,254,254,254,254,254,254,254,254,254,254,254,82,82,82,82,82,82,92,92,101,101,101,0,0,82,82,82,82,82,91,91,82,82,82,82,0,0,0,254,254,254,254,254,254,254,254,254,254,254,254,254,254,254,254,
254,254,254,254,254,254,254,254,254,254,254,254,254,254,254,254,254,254,254,254,254,254,254,254,254,254,254,254,254,0,0,0,82,82,0,0,101,101,74,0,0,82,82,82,82,91,91,91,91,91,91,91,91,91,91,91,91,0,0,254,254,254,254,254,254,254,254,254,254,254,254,254,254,
254,254,254,254,254,254,254,254,254,254,254,254,254,254,254,254,254,254,254,254,254,254,254,254,254,254,254,0,0,91,0,0,82,82,101,101,74,74,255,0,0,82,82,91,91,91,91,91,82,82,91,91,91,91,91,91,91,0,0,254,254,254,254,254,254,254,254,254,254,254,254,254,254,
254,254,254,254,254,254,254,254,254,254,254,254,254,254,254,254,254,254,254,254,254,254,254,254,254,254,254,0,0,91,0,0,82,82,101,101,74,74,255,0,0,82,82,91,91,91,91,91,82,82,91,91,91,91,91,91,91,0,0,254,254,254,254,254,254,254,254,254,254,254,254,254,254,
254,254,254,254,254,254,254,254,254,254,254,254,254,254,254,254,254,254,254,254,254,254,254,254,254,254,254,0,0,91,91,91,0,0,101,101,74,74,246,0,0,82,82,91,91,91,91,91,82,82,91,91,91,91,91,82,82,0,0,254,254,254,254,254,254,254,254,254,254,254,254,254,254,
254,254,254,254,254,254,254,254,254,254,254,254,254,254,254,254,254,254,254,254,254,254,254,254,254,0,0,82,82,0,91,91,0,0,83,83,101,101,74,82,82,91,91,91,91,91,91,91,82,82,91,91,91,91,91,82,82,82,82,0,0,254,254,254,254,254,254,254,254,254,254,254,254,
254,254,254,254,254,254,254,254,254,254,254,254,254,254,254,254,254,254,254,254,254,254,254,254,254,0,0,82,82,0,91,91,0,0,83,83,101,101,74,82,82,91,91,91,91,91,91,91,82,82,91,91,91,91,91,82,82,82,82,0,0,254,254,254,254,254,254,254,254,254,254,254,254,
254,254,254,254,254,254,254,254,254,254,254,254,254,254,254,254,254,254,254,254,254,254,254,254,254,0,0,82,82,0,91,91,91,91,82,82,174,174,82,91,91,91,91,91,91,91,91,91,91,91,91,91,91,91,82,82,82,82,82,0,0,254,254,254,254,254,254,254,254,254,254,254,254,
254,254,254,254,254,254,254,254,254,254,254,254,254,254,254,254,254,254,254,254,254,254,254,254,254,0,0,82,82,0,91,91,91,91,82,82,174,174,82,91,91,91,91,91,91,91,91,91,91,91,91,91,91,91,82,82,82,82,82,0,0,254,254,254,254,254,254,254,254,254,254,254,254,
254,254,254,254,254,254,254,254,254,254,254,254,254,254,254,254,254,254,254,254,254,254,254,0,0,82,82,82,82,0,91,91,91,91,91,91,82,82,91,91,91,91,91,91,91,91,91,91,0,0,82,82,82,82,82,82,82,82,82,0,0,254,254,254,254,254,254,254,254,254,254,254,254,
254,254,254,254,254,254,254,254,254,254,254,254,254,254,254,254,254,254,254,254,254,254,254,0,0,82,82,82,82,0,91,91,91,91,91,91,82,82,91,91,91,91,91,91,91,91,91,91,0,0,82,82,82,82,82,82,82,82,82,101,101,0,254,254,254,254,254,254,254,254,254,254,254,
254,254,254,254,254,254,254,254,254,254,254,254,254,254,254,254,254,254,254,254,254,254,254,0,0,82,82,82,82,0,91,91,91,91,91,91,82,82,91,91,91,91,91,91,91,91,91,91,0,0,82,82,82,82,82,82,82,82,82,101,101,0,254,254,254,254,254,254,254,254,254,254,254,
254,254,254,254,254,254,254,254,254,254,254,254,254,254,254,254,254,254,254,254,254,254,254,0,0,82,82,82,82,0,91,91,91,91,91,91,91,91,91,91,91,91,91,91,91,91,91,91,82,82,0,0,0,0,83,101,101,101,101,174,174,0,254,254,254,254,254,254,254,254,254,254,254,
254,254,254,254,254,254,254,254,254,254,254,254,254,254,254,254,254,254,254,254,254,0,0,83,83,82,82,82,82,0,91,91,91,91,91,91,91,91,91,91,91,91,91,91,91,82,82,82,82,82,0,0,83,83,101,174,174,174,174,174,174,0,254,254,254,254,254,254,254,254,254,254,254,
254,254,254,254,254,254,254,254,254,254,254,254,254,254,254,254,254,254,254,254,254,0,0,83,83,82,82,82,82,0,91,91,91,91,91,91,91,91,91,91,91,91,91,91,91,82,82,82,82,82,0,0,83,83,101,174,174,174,174,174,174,0,254,254,254,254,254,254,254,254,254,254,254,
254,254,254,254,254,254,254,254,254,254,254,254,254,254,254,254,254,254,254,254,254,0,0,92,92,92,92,0,0,0,82,82,91,91,91,91,91,91,91,91,91,82,82,82,82,82,82,82,82,82,0,0,254,254,83,174,174,174,174,174,174,0,254,254,254,254,254,254,254,254,254,254,254,
254,254,254,254,254,254,254,254,254,254,254,254,254,254,254,254,254,254,254,254,254,0,0,92,92,92,92,0,0,0,82,82,91,91,91,91,91,91,91,91,91,82,82,82,82,82,82,82,82,82,0,0,254,254,83,174,174,174,174,174,174,0,254,254,254,254,254,254,254,254,254,254,254,
254,254,254,254,254,254,254,254,254,254,254,254,254,254,254,254,254,254,254,254,83,92,92,92,92,92,92,92,92,0,82,82,82,82,82,82,82,82,82,82,82,82,82,82,82,82,82,82,0,0,254,254,254,254,83,174,174,174,174,174,174,174,0,0,254,254,254,254,254,254,254,254,254,
254,254,254,254,254,254,254,254,254,254,254,254,254,254,254,254,254,254,83,83,92,92,92,92,92,92,92,0,0,0,82,82,82,82,82,82,82,82,82,82,82,82,82,82,82,82,82,82,0,0,254,254,254,254,254,101,101,174,174,174,174,174,0,0,254,254,254,254,254,254,254,254,254,
254,254,254,254,254,254,254,254,254,254,254,254,254,254,254,254,254,254,83,83,92,92,92,92,92,92,92,0,0,0,82,82,82,82,82,82,82,82,82,82,82,82,82,82,82,82,82,82,0,0,254,254,254,254,254,101,101,174,174,174,174,174,0,0,254,254,254,254,254,254,254,254,254,
254,254,254,254,254,254,254,254,254,254,254,254,254,254,254,254,254,254,83,83,92,92,92,92,92,92,92,0,0,82,82,82,82,82,82,82,82,82,82,82,82,82,82,82,82,82,82,82,0,0,254,254,254,254,254,83,83,101,101,101,101,174,174,174,0,0,254,254,254,254,254,254,254,
254,254,254,254,254,254,254,254,254,254,254,254,254,254,254,254,254,254,83,83,92,173,173,164,164,164,164,82,82,82,82,82,82,82,82,82,82,82,82,82,82,82,82,82,82,82,82,82,0,0,254,254,254,254,254,83,83,183,183,183,183,101,174,174,0,0,254,254,254,254,254,254,254,
254,254,254,254,254,254,254,254,254,254,254,254,254,254,254,254,254,254,83,83,92,173,173,164,164,164,164,82,82,82,82,82,82,82,82,82,82,82,82,82,82,82,82,82,82,82,82,82,0,0,254,254,254,254,254,83,83,183,183,183,183,101,174,174,0,0,254,254,254,254,254,254,254,
254,254,254,254,254,254,254,254,254,254,254,254,254,254,254,254,254,254,83,83,92,173,173,164,164,164,164,82,82,82,82,82,82,82,82,82,82,82,82,82,82,82,82,82,82,82,82,82,0,0,254,254,254,254,254,83,83,183,183,183,183,101,174,174,0,0,254,254,254,254,254,254,254,
254,254,254,254,254,254,254,254,254,254,254,254,254,254,254,254,254,254,83,83,173,246,246,246,246,246,246,173,173,164,164,164,82,82,82,82,0,0,0,0,0,82,82,82,82,0,0,0,0,0,254,254,254,254,83,183,183,183,183,183,183,183,0,0,254,254,254,254,254,254,254,254,254,
254,254,254,254,254,254,254,254,254,254,254,254,254,254,254,254,254,254,83,83,173,246,246,246,246,246,246,173,173,164,164,164,82,82,82,82,0,0,0,0,0,82,82,82,82,0,0,0,0,0,254,254,254,254,83,183,183,183,183,183,183,183,0,0,254,254,254,254,254,254,254,254,254,
254,254,254,254,254,254,254,254,254,254,254,254,254,254,254,254,254,254,164,164,246,246,246,246,246,246,246,246,246,164,173,173,91,91,164,164,173,173,173,91,91,0,0,0,0,0,0,0,0,0,254,254,254,254,101,183,183,183,183,183,183,183,0,0,254,254,254,254,254,254,254,254,254,
254,254,254,254,254,254,254,254,254,254,254,254,254,254,254,254,254,254,164,164,246,246,246,246,246,246,246,246,246,164,173,173,91,91,164,164,173,173,173,173,173,0,0,0,0,0,82,82,82,82,0,0,83,83,174,183,183,183,183,183,183,0,254,254,254,254,254,254,254,254,254,254,254,
254,254,254,254,254,254,254,254,254,254,254,254,254,254,254,254,254,254,164,164,246,246,246,246,246,246,246,246,246,164,173,173,91,91,164,164,173,173,173,173,173,0,0,0,0,0,82,82,82,82,0,0,83,83,174,183,183,183,183,183,183,0,254,254,254,254,254,254,254,254,254,254,254,
254,254,254,254,254,254,254,254,254,254,254,254,254,254,254,254,164,164,173,173,246,246,246,246,246,246,246,173,173,164,173,173,91,91,164,164,173,173,173,164,164,0,0,82,82,82,74,74,74,74,83,83,101,101,101,174,174,183,183,0,0,254,254,254,254,254,254,254,254,254,254,254,254,
254,254,254,254,254,254,254,254,254,254,254,254,254,254,254,254,164,164,246,246,246,246,246,246,246,246,246,173,173,164,173,173,91,91,164,164,164,164,0,82,82,82,82,82,82,0,83,83,101,101,101,101,101,101,101,174,174,0,0,254,254,254,254,254,254,254,254,254,254,254,254,254,254,
254,254,254,254,254,254,254,254,254,254,254,254,254,254,254,254,164,164,246,246,246,246,246,246,246,246,246,173,173,164,173,173,91,91,164,164,164,164,0,82,82,82,82,82,82,0,83,83,101,101,101,101,101,101,101,174,174,0,0,254,254,254,254,254,254,254,254,254,254,254,254,254,254,
254,254,254,254,254,254,254,254,254,254,254,254,254,254,254,254,164,164,246,246,246,246,246,246,246,246,246,173,173,164,164,164,82,82,0,0,82,82,82,82,82,82,82,82,82,83,83,83,74,74,101,101,101,101,101,0,0,254,254,254,254,254,254,254,254,254,254,254,254,254,254,254,254,
254,254,254,254,254,254,254,254,254,254,254,254,254,254,254,254,164,164,246,246,246,246,246,246,246,246,246,173,173,164,164,164,82,82,0,0,82,82,82,82,82,82,82,82,82,83,83,83,74,74,101,101,101,101,101,0,0,254,254,254,254,254,254,254,254,254,254,254,254,254,254,254,254,
254,254,254,254,254,254,254,254,254,254,254,254,254,254,164,164,173,173,246,246,246,246,246,246,246,246,246,164,164,164,82,82,0,0,82,82,82,82,82,0,0,0,0,83,83,83,83,83,74,74,101,101,101,101,0,254,254,254,254,254,254,254,254,254,254,254,254,254,254,254,254,254,254,
254,254,254,254,254,254,254,254,254,254,254,254,254,254,164,164,246,246,246,246,246,246,246,246,246,173,173,164,164,164,82,82,0,0,0,0,0,0,83,156,156,156,156,156,156,83,74,74,74,74,83,83,0,0,254,254,254,254,254,254,254,254,254,254,254,254,254,254,254,254,254,254,254,
254,254,254,254,254,254,254,254,254,254,254,254,254,254,164,164,246,246,246,246,246,246,246,246,246,173,173,164,164,164,82,82,0,0,0,0,0,0,83,156,156,156,156,156,156,83,74,74,74,74,83,83,0,0,254,254,254,254,254,254,254,254,254,254,254,254,254,254,254,254,254,254,254,
254,254,254,254,254,254,254,254,254,254,254,254,254,254,164,164,246,246,246,246,246,246,246,246,246,173,173,164,164,164,82,82,74,74,83,83,156,156,156,156,156,156,156,83,83,156,156,156,156,156,74,74,254,254,254,254,254,254,254,254,254,254,254,254,254,254,254,254,254,254,254,254,254,
254,254,254,254,254,254,254,254,254,254,254,254,254,254,254,254,82,82,164,164,246,246,246,246,246,164,164,164,164,82,83,83,74,74,156,156,83,83,156,156,156,156,156,83,83,156,156,156,165,165,165,165,74,74,254,254,254,254,254,254,254,254,254,254,254,254,254,254,254,254,254,254,254,
254,254,254,254,254,254,254,254,254,254,254,254,254,254,254,254,82,82,164,164,246,246,246,246,246,164,164,164,164,82,83,83,74,74,156,156,83,83,156,156,156,156,156,83,83,156,156,156,165,165,165,165,74,74,254,254,254,254,254,254,254,254,254,254,254,254,254,254,254,254,254,254,254,
254,254,254,254,254,254,254,254,254,254,254,254,254,254,254,254,254,254,0,0,82,82,82,82,82,82,82,82,82,83,83,83,74,74,156,156,83,83,156,156,156,165,165,165,165,83,165,165,165,165,83,83,74,74,254,254,254,254,254,254,254,254,254,254,254,254,254,254,254,254,254,254,254,
254,254,254,254,254,254,254,254,254,254,254,254,254,254,254,254,254,254,0,0,82,82,82,82,82,82,82,82,82,83,83,83,74,74,156,156,83,83,156,156,156,165,165,165,165,83,165,165,165,165,83,83,74,74,254,254,254,254,254,254,254,254,254,254,254,254,254,254,254,254,254,254,254,
254,254,254,254,254,254,254,254,254,254,254,254,254,254,254,254,254,254,74,74,156,83,83,156,156,156,156,156,156,156,156,156,83,83,156,156,83,83,156,165,165,165,165,165,165,83,83,83,156,156,165,165,0,0,254,254,254,254,254,254,254,254,254,254,254,254,254,254,254,254,254,254,254,
254,254,254,254,254,254,254,254,254,254,254,254,254,254,254,254,74,74,83,83,156,83,83,156,156,156,156,156,156,156,156,156,156,156,0,0,74,74,156,165,165,165,165,165,165,156,165,165,165,165,165,165,165,165,0,254,254,254,254,254,254,254,254,254,254,254,254,254,254,254,254,254,254,
254,254,254,254,254,254,254,254,254,254,254,254,254,254,254,254,74,74,83,83,156,83,83,156,156,156,156,156,156,156,156,156,156,156,0,0,74,74,156,165,165,165,165,165,165,156,165,165,165,165,165,165,165,165,0,254,254,254,254,254,254,254,254,254,254,254,254,254,254,254,254,254,254,
254,254,254,254,254,254,254,254,254,254,254,254,254,254,74,74,156,156,156,156,83,83,83,156,156,156,156,156,156,156,156,156,0,0,254,254,0,0,156,165,165,165,165,165,165,165,156,156,165,165,165,165,165,165,0,254,254,254,254,254,254,254,254,254,254,254,254,254,254,254,254,254,254,
254,254,254,254,254,254,254,254,254,254,254,254,254,254,83,83,156,156,156,156,83,156,156,156,156,156,156,156,156,156,0,0,254,254,254,254,254,254,74,165,165,165,165,165,165,165,156,156,165,165,165,165,165,165,74,254,254,254,254,254,254,254,254,254,254,254,254,254,254,254,254,254,254,
254,254,254,254,254,254,254,254,254,254,254,254,254,254,83,83,156,156,156,156,83,156,156,156,156,156,156,156,156,156,0,0,254,254,254,254,254,254,74,165,165,165,165,165,165,165,156,156,165,165,165,165,165,165,74,254,254,254,254,254,254,254,254,254,254,254,254,254,254,254,254,254,254,
254,254,254,254,254,254,254,254,254,254,254,254,254,74,156,156,156,156,156,156,83,156,156,156,156,156,156,156,156,156,0,0,254,254,254,254,254,254,0,165,165,165,165,165,165,165,156,156,165,165,165,165,165,165,156,254,254,254,254,254,254,254,254,254,254,254,254,254,254,254,254,254,254,
254,254,254,254,254,254,254,254,254,254,254,254,254,74,156,156,156,156,156,156,83,156,156,156,156,156,156,156,156,156,0,0,254,254,254,254,254,254,0,165,165,165,165,165,165,165,156,156,165,165,165,165,165,165,156,254,254,254,254,254,254,254,254,254,254,254,254,254,254,254,254,254,254,
254,254,254,254,254,254,254,254,254,254,254,254,254,74,156,156,156,156,83,83,156,156,156,156,156,156,156,156,156,0,254,254,254,254,254,254,254,254,0,165,165,165,165,165,165,165,165,165,156,156,165,165,165,165,165,74,74,254,254,254,254,254,254,254,254,254,254,254,254,254,254,254,254,
254,254,254,254,254,254,254,254,254,254,254,74,74,83,156,156,156,156,83,83,156,156,156,156,156,156,156,156,156,0,254,254,254,254,254,254,254,254,254,74,74,165,165,165,165,165,165,165,83,83,165,165,165,165,165,74,74,254,254,254,254,254,254,254,254,254,254,254,254,254,254,254,254,
254,254,254,254,254,254,254,254,254,254,254,74,74,83,156,156,156,156,83,83,156,156,156,156,156,156,156,156,156,0,254,254,254,254,254,254,254,254,254,74,74,165,165,165,165,165,165,165,83,83,165,165,165,165,165,74,74,254,254,254,254,254,254,254,254,254,254,254,254,254,254,254,254,
254,254,254,254,254,254,254,254,254,254,254,74,74,156,83,83,83,83,156,156,156,156,156,156,156,156,156,0,0,254,254,254,254,254,254,254,254,254,254,0,0,165,165,165,165,165,165,165,165,165,156,156,165,165,156,0,0,254,254,254,254,254,254,254,254,254,254,254,254,254,254,254,254,
245,245,245,245,245,245,245,245,245,74,74,83,83,156,156,156,156,156,156,156,156,156,156,156,156,156,156,0,0,245,245,245,245,245,245,245,245,245,245,0,0,165,165,165,165,165,165,165,165,165,165,165,74,74,74,0,0,245,245,245,245,245,245,245,245,245,245,245,245,245,245,245,245,
245,245,245,245,245,245,245,245,245,74,74,83,83,156,156,156,156,156,156,156,156,156,156,156,156,156,156,0,0,245,245,245,245,245,245,245,245,245,245,0,0,165,165,165,165,165,165,165,165,165,165,165,74,74,74,0,0,245,245,245,245,245,245,245,245,245,245,245,245,245,245,245,245,
163,163,163,163,163,163,163,163,163,74,74,156,156,156,156,156,156,156,156,156,156,156,156,156,156,74,74,163,163,163,163,163,163,163,163,163,163,163,163,163,163,74,74,165,165,165,165,165,165,165,165,165,165,165,156,0,0,163,163,163,163,163,163,163,163,163,163,163,163,163,163,163,163,
163,163,163,163,163,163,163,163,163,74,74,156,156,156,156,156,156,156,156,156,156,156,156,156,156,74,74,163,163,163,163,163,163,163,163,163,163,163,163,163,163,74,74,165,165,165,165,165,165,165,165,165,165,165,156,0,0,163,163,163,163,163,163,163,163,163,163,163,163,163,163,163,163,
162,162,162,162,162,162,162,162,162,74,74,156,156,156,156,156,156,156,156,156,156,156,156,83,83,74,74,162,162,162,162,162,162,162,162,162,162,162,162,162,162,0,0,165,165,165,165,165,165,165,165,165,165,165,156,0,0,162,162,162,162,162,162,162,162,162,162,162,162,162,162,162,162,
162,162,162,162,162,162,162,162,162,74,74,156,156,83,156,156,156,156,156,156,156,74,74,83,83,0,0,162,162,162,162,162,162,162,162,162,162,162,162,162,162,0,0,156,156,165,165,165,165,165,165,165,165,165,156,0,0,162,162,162,162,162,162,162,162,162,162,162,162,162,162,162,162,
162,162,162,162,162,162,162,162,162,74,74,156,156,83,156,156,156,156,156,156,156,74,74,83,83,0,0,162,162,162,162,162,162,162,162,162,162,162,162,162,162,0,0,156,156,165,165,165,165,165,165,165,165,165,156,0,0,162,162,162,162,162,162,162,162,162,162,162,162,162,162,162,162,
162,162,162,162,162,162,162,162,162,74,74,156,156,83,156,156,156,156,156,156,156,83,83,83,83,0,0,162,162,162,162,162,162,162,162,162,162,162,162,162,162,0,0,83,83,156,165,165,165,165,165,165,165,165,156,0,0,162,162,162,162,162,162,162,162,162,162,162,162,162,162,162,162,
162,162,162,162,162,162,162,162,162,162,162,74,74,83,156,156,156,156,156,156,74,83,83,83,83,0,0,162,162,162,162,162,162,162,162,162,162,162,162,162,162,0,0,156,156,83,165,165,165,165,165,165,156,156,156,156,156,0,0,162,162,162,162,162,162,162,162,162,162,162,162,162,162,
162,162,162,162,162,162,162,162,162,162,162,74,74,83,156,156,156,156,156,156,74,83,83,83,83,0,0,162,162,162,162,162,162,162,162,162,162,162,162,162,162,0,0,156,156,83,165,165,165,165,165,165,156,156,156,156,156,0,0,162,162,162,162,162,162,162,162,162,162,162,162,162,162,
162,162,162,162,162,162,162,162,162,162,162,74,74,74,156,156,156,156,74,74,83,83,83,83,83,0,0,162,162,162,162,162,162,162,162,162,162,162,162,162,162,162,162,0,0,83,156,156,165,165,165,165,83,83,156,156,156,0,0,162,162,162,162,162,162,162,162,162,162,162,162,162,162,
162,162,162,162,162,162,162,162,162,162,162,74,74,74,156,156,156,156,74,74,83,83,83,83,83,0,0,162,162,162,162,162,162,162,162,162,162,162,162,162,162,162,162,0,0,83,156,156,165,165,165,165,83,83,156,156,156,0,0,162,162,162,162,162,162,162,162,162,162,162,162,162,162,
162,162,162,162,162,162,162,162,162,162,162,74,74,83,74,74,83,83,83,83,83,83,83,83,83,74,74,0,0,162,162,162,162,162,162,162,162,162,162,162,162,162,162,0,0,156,83,83,156,156,156,156,83,83,156,156,156,0,0,162,162,162,162,162,162,162,162,162,162,162,162,162,162,
162,162,162,162,162,162,162,162,162,162,162,74,74,83,74,74,83,83,83,83,83,83,83,83,83,74,74,0,0,162,162,162,162,162,162,162,162,162,162,162,162,162,162,0,0,156,83,83,156,156,156,156,83,83,156,156,156,0,0,162,162,162,162,162,162,162,162,162,162,162,162,162,162,
162,162,162,162,162,162,162,162,162,162,162,74,74,83,83,83,83,83,83,83,83,83,83,74,74,83,83,0,0,162,162,162,162,162,162,162,162,162,162,162,162,162,162,0,0,156,156,156,83,83,156,156,83,83,156,156,156,0,0,162,162,162,162,162,162,162,162,162,162,162,162,162,162,
162,162,162,162,162,162,162,162,162,162,162,74,74,83,83,83,83,83,83,83,83,83,83,74,74,83,83,0,0,172,172,172,172,172,172,172,172,172,172,172,172,172,172,0,0,156,156,156,83,83,156,156,83,83,156,156,156,0,0,162,162,162,162,162,162,162,162,162,162,162,162,162,162,
162,162,162,162,162,162,162,162,162,162,162,162,162,74,83,83,74,74,83,83,83,83,83,74,74,83,83,0,0,172,172,172,172,172,172,172,172,172,172,172,172,172,172,0,0,156,156,156,83,83,156,156,156,156,156,156,156,0,0,162,162,162,162,162,162,162,162,162,162,162,162,162,162,
162,162,162,162,162,162,162,171,171,172,172,172,172,74,83,83,83,83,74,74,83,83,83,83,83,83,83,0,0,172,172,172,172,172,172,172,172,172,172,172,172,172,172,0,0,156,156,156,156,156,156,156,156,156,156,156,156,83,83,0,0,172,172,171,171,162,162,162,162,162,162,162,162,
171,171,171,172,172,172,172,172,172,172,172,172,172,74,83,83,83,83,74,74,83,83,83,83,83,83,83,0,0,254,254,254,254,254,254,254,254,254,254,254,254,254,254,0,0,156,156,156,156,156,156,156,156,156,156,156,156,83,83,0,0,172,172,172,172,172,172,172,172,171,171,171,162,
171,171,171,172,172,172,172,172,172,172,172,172,172,0,83,83,83,83,74,74,83,83,83,83,83,0,0,254,254,254,254,254,254,254,254,254,254,254,254,254,254,0,0,156,156,156,156,156,156,156,156,156,156,156,156,83,83,156,156,0,0,172,172,172,172,172,172,172,172,171,171,171,162,
172,172,172,172,172,172,172,172,172,181,181,254,254,0,83,83,83,83,74,74,83,83,83,83,83,0,0,254,254,254,254,254,254,254,254,254,254,254,254,254,254,0,0,156,156,156,156,156,156,156,156,156,156,156,156,83,83,156,156,0,0,181,181,172,172,172,172,172,172,172,172,172,172,
172,181,181,181,254,254,254,254,254,254,254,254,254,0,0,0,0,0,83,83,83,83,83,83,83,0,0,254,254,254,254,254,254,254,254,254,254,254,254,254,254,0,0,156,156,156,156,156,156,156,156,156,156,156,156,83,83,156,156,0,0,254,254,254,254,254,254,254,181,181,181,172,172,
172,181,181,181,254,254,254,254,254,254,254,0,0,91,91,91,82,82,0,0,74,83,83,0,0,0,0,254,254,254,254,254,254,254,254,254,254,254,254,254,254,254,254,0,0,83,74,74,74,74,156,156,156,156,156,156,156,156,156,0,0,254,254,254,254,254,254,254,181,181,181,172,172,
254,254,254,254,254,254,254,254,254,254,254,0,0,91,91,91,82,82,0,0,74,83,83,0,0,0,0,254,254,254,254,254,254,254,254,254,254,254,254,254,254,254,254,0,0,83,74,74,74,74,156,156,156,156,156,156,156,156,156,0,0,254,254,254,254,254,254,254,254,254,254,254,254,
254,254,254,254,254,254,254,254,254,254,254,0,0,82,82,82,82,82,82,82,0,0,0,0,0,254,254,254,254,254,254,254,254,254,254,254,254,254,254,254,254,254,254,0,0,83,83,83,83,83,74,74,74,74,156,156,156,156,156,0,0,254,254,254,254,254,254,254,254,254,254,254,254,
254,254,254,254,254,254,254,254,254,254,254,254,254,0,0,0,0,0,0,0,0,254,254,254,254,254,254,254,254,254,254,254,254,254,254,254,254,254,254,254,254,254,254,254,254,0,83,83,83,83,83,83,83,83,83,156,156,156,156,156,156,0,254,254,254,254,254,254,254,254,254,254,254,
254,254,254,254,254,254,254,254,254,254,254,254,254,0,0,0,0,0,0,0,0,254,254,254,254,254,254,254,254,254,254,254,254,254,254,254,254,254,254,254,254,254,254,254,254,0,83,83,83,83,83,83,83,83,83,156,156,156,156,156,156,0,254,254,254,254,254,254,254,254,254,254,254,
254,254,254,254,254,254,254,254,254,254,254,254,254,254,254,254,254,254,254,254,254,254,254,254,254,254,254,254,254,254,254,254,254,254,254,254,254,254,254,254,254,254,254,254,254,0,83,83,0,0,0,0,0,0,83,74,74,156,156,156,156,0,254,254,254,254,254,254,254,254,254,254,254,
254,254,254,254,254,254,254,254,254,254,254,254,254,254,254,254,254,254,254,254,254,254,254,254,254,254,254,254,254,254,254,254,254,254,254,254,254,254,254,254,254,254,254,254,254,0,83,83,0,0,0,0,0,0,83,74,74,156,156,156,156,0,254,254,254,254,254,254,254,254,254,254,254,
254,254,254,254,254,254,254,254,254,254,254,254,254,254,254,254,254,254,254,254,254,254,254,254,254,254,254,254,254,254,254,254,254,254,254,254,254,254,254,254,254,254,254,254,254,0,82,82,91,91,91,91,82,82,0,0,0,156,156,156,156,0,254,254,254,254,254,254,254,254,254,254,254,
254,254,254,254,254,254,254,254,254,254,254,254,254,254,254,254,254,254,254,254,254,254,254,254,254,254,254,254,254,254,254,254,254,254,254,254,254,254,254,254,254,254,254,254,254,0,82,82,164,164,164,164,91,91,91,82,82,0,0,156,156,0,254,254,254,254,254,254,254,254,254,254,254,
254,254,254,254,254,254,254,254,254,254,254,254,254,254,254,254,254,254,254,254,254,254,254,254,254,254,254,254,254,254,254,254,254,254,254,254,254,254,254,254,254,254,254,254,254,0,82,82,164,164,164,164,91,91,91,82,82,0,0,156,156,0,254,254,254,254,254,254,254,254,254,254,254,
254,254,254,254,254,254,254,254,254,254,254,254,254,254,254,254,254,254,254,254,254,254,254,254,254,254,254,254,254,254,254,254,254,254,254,254,254,254,254,254,254,254,254,254,254,82,0,0,82,82,82,82,82,82,82,82,82,0,0,0,0,254,254,254,254,254,254,254,254,254,254,254,254,
254,254,254,254,254,254,254,254,254,254,254,254,254,254,254,254,254,254,254,254,254,254,254,254,254,254,254,254,254,254,254,254,254,254,254,254,254,254,254,254,254,254,254,254,254,254,254,254,0,0,0,0,0,0,0,0,0,254,254,254,254,254,254,254,254,254,254,254,254,254,254,254,254,
254,254,254,254,254,254,254,254,254,254,254,254,254,254,254,254,254,254,254,254,254,254,254,254,254,254,254,254,254,254,254,254,254,254,254,254,254,254,254,254,254,254,254,254,254,254,254,254,0,0,0,0,0,0,0,0,0,254,254,254,254,254,254,254,254,254,254,254,254,254,254,254,254,


