tiles_pallet: .word 16, 1408
.byte 171,170,171,170,18,189,189,98,116,98,189,189,189,189,98,189,
170,170,170,97,97,98,116,189,189,98,189,116,116,189,116,189,
170,97,97,97,18,189,189,189,116,116,98,98,98,116,189,189,
97,97,18,18,18,189,189,116,98,116,189,189,116,98,189,116,
97,97,18,116,116,18,116,18,189,189,189,189,116,116,98,98,
97,97,97,98,116,18,98,189,189,189,189,189,116,189,98,116,
170,97,18,116,98,98,18,189,98,189,189,116,189,189,189,189,
170,170,98,98,98,116,98,98,189,189,98,189,189,189,116,189,
170,170,18,98,116,116,116,98,98,98,98,189,189,189,189,189,
170,18,18,116,116,116,98,116,116,116,98,98,189,98,189,189,
97,98,116,98,116,98,116,116,116,116,98,98,18,116,189,116,
97,18,98,18,98,98,116,116,98,116,116,98,98,98,116,116,
97,18,98,18,18,98,116,98,116,116,116,116,98,116,98,98,
97,170,18,116,98,18,98,116,116,116,116,98,116,116,98,116,
97,18,116,98,98,18,18,18,18,116,98,98,116,116,98,116,
97,18,98,98,98,98,98,98,18,18,98,116,116,98,116,98,
189,98,189,116,189,189,98,116,98,189,189,18,170,170,171,170,
189,116,189,189,116,98,116,116,189,116,98,97,97,170,170,170,
189,189,189,116,98,98,116,116,189,189,189,18,98,98,97,170,
116,189,98,98,116,116,116,98,116,189,189,18,18,18,97,97,
98,98,116,116,116,189,116,189,18,116,18,116,116,18,98,97,
116,98,116,116,189,116,189,116,189,98,18,116,98,98,98,97,
189,189,116,189,116,189,116,189,189,18,98,98,116,18,97,170,
189,116,189,116,189,98,189,189,98,98,116,98,98,98,170,170,
189,189,189,189,189,98,98,98,98,116,116,116,98,18,170,170,
189,189,98,189,98,98,116,116,116,98,116,116,116,18,18,170,
116,189,116,18,98,98,116,116,116,116,98,116,98,116,98,97,
116,116,98,98,98,116,116,98,116,116,98,98,18,98,18,97,
98,98,116,98,116,116,116,116,98,116,98,18,18,98,18,97,
116,98,116,116,98,116,116,116,116,98,18,98,116,18,97,97,
116,98,116,116,98,98,116,18,18,18,18,98,98,116,18,97,
98,116,98,116,116,98,18,18,98,98,98,98,98,98,18,97,
171,171,171,171,171,171,171,171,171,171,171,171,171,171,171,171,
171,171,171,171,171,171,171,171,171,171,171,171,171,171,171,171,
171,171,171,171,171,171,180,180,180,180,171,171,171,180,180,180,
171,171,171,171,180,180,180,180,180,180,180,180,180,180,180,180,
171,171,171,180,180,180,180,180,180,180,180,180,180,180,180,180,
171,171,171,180,180,180,180,180,180,180,180,180,180,180,180,181,
171,171,171,180,180,180,180,180,181,181,180,180,180,181,181,181,
171,171,180,180,180,180,180,181,181,181,181,181,181,181,181,181,
171,171,180,180,180,181,181,181,181,181,181,181,181,181,181,181,
171,171,180,180,180,181,181,181,181,181,181,181,181,181,181,181,
171,180,180,180,180,180,181,181,181,181,254,181,181,181,181,181,
171,180,180,180,180,180,181,181,181,181,181,181,181,181,181,181,
171,180,180,180,180,180,181,181,181,181,181,181,181,181,254,181,
171,180,180,180,180,180,181,181,181,181,181,181,181,181,181,181,
171,171,180,180,180,181,181,181,181,181,181,181,181,181,181,181,
171,171,180,180,180,181,181,181,181,181,181,181,181,254,181,181,
171,171,171,171,171,171,171,171,171,171,171,171,171,171,171,171,
171,171,180,180,180,180,171,171,171,171,171,171,171,171,171,171,
180,180,180,180,180,180,180,180,180,180,171,171,171,171,171,171,
180,180,180,180,180,180,180,180,180,180,180,180,171,171,171,171,
180,180,180,180,180,180,180,180,180,180,180,180,180,171,171,171,
181,181,180,180,180,180,181,181,180,180,180,180,180,171,171,171,
181,181,181,181,181,181,181,181,180,180,180,180,180,171,171,171,
181,181,181,181,181,181,181,181,181,180,180,180,180,180,171,171,
181,181,181,181,181,181,181,181,181,181,181,180,180,180,171,171,
181,181,181,181,181,181,181,181,181,181,181,180,180,180,171,171,
181,180,181,181,181,181,181,181,181,181,180,180,180,180,180,171,
181,181,181,181,181,180,181,181,181,181,180,180,180,180,180,171,
181,181,181,181,181,181,181,181,181,181,180,180,180,180,180,171,
181,181,181,181,181,181,181,181,181,181,180,180,180,180,180,171,
181,181,180,181,181,181,181,181,181,181,181,180,180,180,171,171,
181,181,181,181,181,181,181,181,181,181,181,180,180,180,171,171,
97,18,98,98,18,98,98,98,18,18,18,116,116,98,116,116,
170,97,18,18,98,98,18,98,98,98,18,18,18,18,18,116,
170,170,97,18,98,18,98,98,98,98,98,98,98,18,18,18,
171,170,170,18,18,18,98,98,98,98,18,98,98,98,98,18,
170,171,170,97,98,18,98,98,98,18,98,98,98,18,18,189,
171,170,97,98,98,98,18,18,98,18,98,98,18,18,98,189,
170,97,98,98,98,98,18,18,18,18,18,98,18,18,116,189,
97,97,98,98,98,18,18,18,18,18,18,98,98,98,189,189,
97,98,98,98,98,18,18,18,18,98,98,189,189,116,189,189,
97,98,98,98,98,18,18,18,18,98,116,116,189,116,189,189,
97,97,98,98,98,98,18,18,18,98,189,189,116,189,189,189,
97,97,97,98,98,98,98,98,116,189,116,116,189,189,189,189,
170,170,97,97,98,98,98,116,98,98,116,189,189,189,189,189,
170,171,170,97,97,18,189,189,98,116,189,189,189,189,189,189,
171,170,171,170,97,98,98,98,116,189,189,116,189,189,189,189,
170,171,170,170,18,116,189,189,98,189,98,189,189,189,189,189,
116,116,98,116,116,18,18,18,98,98,98,18,98,98,18,97,
116,18,18,18,18,18,98,98,98,18,98,98,18,18,97,170,
18,18,18,98,98,98,98,98,98,98,18,98,18,97,170,170,
18,98,98,98,98,18,98,98,98,98,18,18,18,170,170,171,
189,18,18,98,98,98,18,98,98,98,18,98,97,170,171,170,
189,98,18,18,98,98,18,98,18,18,98,98,98,97,170,171,
189,116,18,18,98,18,18,18,18,18,98,98,98,98,97,170,
189,116,98,98,98,18,18,18,18,18,18,98,98,98,97,97,
189,116,116,189,189,98,98,18,18,18,18,98,98,98,98,97,
189,116,116,116,116,116,98,18,18,18,18,98,98,98,98,97,
189,116,189,116,116,189,98,18,18,18,98,98,98,98,97,97,
189,189,189,189,189,116,189,116,98,98,98,98,98,97,97,97,
189,189,189,189,116,189,98,98,116,98,98,98,97,97,170,170,
189,189,189,116,189,116,116,98,189,189,18,97,97,170,170,171,
189,189,189,189,116,189,189,116,98,98,98,97,170,170,171,170,
189,189,189,116,189,98,189,98,189,189,116,18,170,171,170,171,
97,18,98,98,18,98,98,98,18,18,18,116,116,98,116,116,
170,97,18,18,98,98,18,98,98,98,18,18,18,18,18,116,
170,170,97,18,98,18,98,98,98,98,98,98,98,18,18,18,
171,170,170,18,18,18,98,98,98,98,18,98,98,98,98,98,
171,171,170,97,98,18,98,98,98,18,98,98,98,18,98,98,
171,170,97,98,98,98,18,18,98,18,98,98,18,18,98,98,
170,97,98,98,98,98,18,18,18,18,18,98,18,18,18,98,
97,97,98,98,98,18,18,18,18,18,18,18,82,18,18,98,
97,98,98,98,98,18,18,18,18,18,18,18,82,91,91,18,
97,98,98,98,98,18,18,18,18,18,18,18,82,91,91,91,
170,97,98,98,98,98,18,18,18,18,18,18,18,82,91,91,
171,171,97,98,98,98,98,18,18,18,18,18,18,18,82,82,
171,171,171,97,98,98,98,98,98,18,18,18,18,18,18,18,
171,171,171,171,97,97,98,98,98,98,98,18,18,18,18,18,
171,171,171,171,171,171,97,97,97,98,98,98,98,98,98,98,
171,171,171,171,171,171,171,171,170,97,97,97,98,98,98,98,
116,116,98,116,116,18,18,18,98,98,98,18,98,98,18,97,
116,18,18,18,18,18,98,98,98,18,98,98,18,18,97,170,
18,18,18,98,98,98,98,98,98,98,18,98,18,97,170,171,
98,98,98,98,98,18,98,98,98,98,18,18,18,170,171,170,
98,98,18,98,98,98,18,98,98,98,18,98,97,170,170,171,
98,98,18,18,98,98,18,98,18,18,98,98,98,97,171,170,
98,18,18,18,98,18,18,18,18,18,98,98,98,98,97,170,
98,18,18,82,18,18,18,18,18,18,18,98,98,98,97,97,
18,91,91,82,18,18,18,18,18,18,18,98,98,98,98,97,
91,91,91,82,18,18,18,18,18,18,18,98,98,98,98,97,
91,91,82,18,18,18,18,18,18,18,98,98,98,98,97,170,
82,82,18,18,18,18,18,18,18,98,98,98,98,97,171,171,
18,18,18,18,18,18,18,98,98,98,98,98,97,171,171,171,
18,18,18,18,18,98,98,98,98,98,97,97,171,171,171,171,
98,98,98,98,98,98,98,97,97,97,171,171,171,171,171,171,
98,98,98,98,97,97,97,170,171,171,171,171,171,171,171,171,
171,171,180,180,180,180,181,181,181,181,181,181,181,181,181,181,
171,171,180,180,180,180,181,181,181,181,181,181,181,181,181,181,
171,171,171,180,180,180,180,181,181,180,181,181,181,181,181,181,
171,171,171,180,180,180,180,181,181,181,181,181,181,180,181,181,
171,171,171,180,180,180,180,181,181,181,181,181,181,181,181,181,
171,171,171,180,180,180,181,181,181,181,181,181,181,181,181,181,
171,171,180,180,180,180,181,181,181,181,180,181,181,181,181,181,
171,171,180,180,180,181,181,181,181,181,181,181,181,181,181,181,
171,171,180,180,180,181,181,181,181,181,181,181,181,181,181,181,
171,171,180,180,180,181,181,181,181,181,181,181,181,181,181,181,
171,180,180,180,180,180,181,181,181,181,254,181,181,181,181,181,
171,180,180,180,180,180,181,181,181,181,181,181,181,181,181,181,
171,180,180,180,180,180,181,181,181,181,181,181,181,181,254,181,
171,180,180,180,180,180,181,181,181,181,181,181,181,181,181,181,
171,171,180,180,180,181,181,181,181,181,181,181,181,181,181,181,
171,171,180,180,180,181,181,181,181,181,181,181,181,254,181,181,
181,181,181,181,181,181,181,181,181,181,180,180,180,180,171,171,
181,181,181,181,181,181,181,181,181,181,180,180,180,180,171,171,
181,181,254,181,181,181,181,181,181,180,180,180,180,171,171,171,
181,181,181,181,181,181,181,181,181,180,180,180,180,171,171,171,
181,181,181,181,181,181,254,181,181,180,180,180,180,171,171,171,
181,181,181,181,181,181,181,181,181,181,180,180,180,171,171,171,
181,181,181,181,181,181,181,181,181,181,180,180,180,180,171,171,
181,181,181,181,181,254,181,181,181,181,181,180,180,180,171,171,
181,181,181,181,181,181,181,181,181,181,181,180,180,180,171,171,
181,181,181,181,181,181,181,181,181,181,181,180,180,180,171,171,
181,180,181,181,181,181,181,181,181,181,180,180,180,180,180,171,
181,181,181,181,181,180,181,181,181,181,180,180,180,180,180,171,
181,181,181,181,181,181,181,181,181,181,180,180,180,180,180,171,
181,181,181,181,181,181,181,181,181,181,180,180,180,180,180,171,
181,181,180,181,181,181,181,181,181,181,181,180,180,180,171,171,
181,181,181,181,181,181,181,181,181,181,181,180,180,180,171,171,
171,171,171,171,171,171,171,171,171,171,171,171,171,171,171,171,
171,171,171,171,171,171,171,171,171,171,180,180,180,180,171,171,
180,180,171,171,171,180,180,180,180,180,180,180,180,180,180,180,
180,180,180,180,180,180,180,180,180,180,180,180,180,180,180,180,
180,180,180,180,180,180,180,180,180,180,180,180,180,180,180,180,
180,180,180,180,180,180,180,181,181,181,180,180,180,180,181,181,
181,181,180,180,180,181,181,181,181,181,181,181,181,181,181,181,
181,181,181,181,181,181,181,181,181,181,181,181,181,181,181,181,
181,181,181,181,181,181,181,181,181,181,181,181,181,181,181,181,
181,181,181,181,181,181,181,181,181,181,181,181,181,181,181,181,
181,181,254,181,181,181,181,181,181,180,181,181,181,181,181,181,
181,181,181,181,181,181,181,181,181,181,181,181,181,180,181,181,
181,181,181,181,181,181,254,181,181,181,181,181,181,181,181,181,
181,181,181,181,181,181,181,181,181,181,181,181,181,181,181,181,
181,181,181,181,181,181,181,181,181,181,180,181,181,181,181,181,
181,181,181,181,181,254,181,181,181,181,181,181,181,181,181,181,
181,181,180,180,180,180,171,171,171,171,171,171,171,171,171,171,
181,181,180,180,180,180,171,171,171,171,171,171,171,171,171,171,
181,180,180,180,180,171,171,171,171,171,171,171,171,171,171,171,
181,180,180,180,180,171,171,171,171,171,171,171,171,171,171,171,
181,180,180,180,180,171,171,171,171,171,171,171,171,171,171,171,
181,181,180,180,180,171,171,171,171,171,171,171,170,171,171,171,
181,181,180,180,180,180,171,171,171,170,171,171,170,171,171,170,
181,181,181,180,180,180,171,171,171,171,170,171,171,171,170,171,
181,181,181,180,180,180,171,171,171,171,171,171,171,171,171,171,
181,181,181,180,180,180,171,171,171,171,171,171,171,171,171,171,
181,181,180,180,180,180,180,171,171,171,171,171,171,171,171,171,
181,181,180,180,180,180,180,171,171,171,171,171,171,171,171,171,
181,181,180,180,180,180,180,171,171,171,171,171,171,171,171,171,
181,181,180,180,180,180,180,171,171,171,171,171,171,171,171,171,
181,181,181,180,180,180,171,171,171,171,171,171,171,171,171,171,
181,181,181,180,180,180,171,171,171,171,171,171,171,171,171,171,
181,181,181,181,181,181,181,181,181,181,181,181,181,181,181,181,
181,181,181,181,181,181,181,181,181,181,181,181,181,181,181,181,
181,180,181,181,181,181,181,181,181,181,254,181,181,181,181,181,
181,181,181,181,181,180,181,181,181,181,181,181,181,181,181,181,
181,181,181,181,181,181,181,181,181,181,181,181,181,181,254,181,
181,181,181,181,181,181,181,181,181,181,181,181,181,181,181,181,
181,181,180,181,181,181,181,181,181,181,181,181,181,181,181,181,
181,181,181,181,181,181,181,181,181,181,181,181,181,254,181,181,
181,181,181,181,181,181,181,181,181,181,181,181,181,181,181,181,
181,181,181,181,181,181,181,181,181,181,181,181,181,181,181,181,
181,181,254,181,181,181,181,181,181,180,181,181,181,181,181,181,
181,181,181,181,181,181,181,181,181,181,181,181,181,180,181,181,
181,181,181,181,181,181,254,181,181,181,181,181,181,181,181,181,
181,181,181,181,181,181,181,181,181,181,181,181,181,181,181,181,
181,181,181,181,181,181,181,181,181,181,180,181,181,181,181,181,
181,181,181,181,181,254,181,181,181,181,181,181,181,181,181,181,
181,181,181,181,181,181,181,181,181,181,181,181,181,181,181,181,
181,181,181,181,181,181,181,181,181,181,181,181,181,181,181,181,
181,180,181,181,181,181,181,181,181,181,254,181,181,181,181,181,
181,181,181,181,181,180,181,181,181,181,181,181,181,181,181,181,
181,181,181,181,181,181,181,181,181,181,181,181,181,181,254,181,
181,181,181,181,181,181,181,181,181,181,181,181,181,181,181,181,
181,181,180,181,181,181,181,181,181,181,181,181,181,181,181,181,
181,181,181,181,181,181,181,181,181,181,181,181,181,254,181,181,
181,181,181,181,181,181,181,181,181,181,181,155,155,155,155,155,
181,181,181,181,181,181,181,181,181,155,155,94,102,102,102,102,
181,181,254,181,181,181,181,155,155,175,175,94,102,102,102,102,
181,181,181,181,181,155,155,94,175,175,175,94,102,102,102,102,
181,181,181,155,155,175,175,94,175,175,175,94,102,102,85,85,
181,155,155,94,175,175,175,94,175,175,175,94,102,102,85,94,
155,175,175,94,175,175,175,94,175,175,175,94,102,102,102,102,
155,175,175,94,175,175,175,94,175,175,175,94,102,102,102,102,
181,181,181,181,181,181,181,181,181,181,181,181,181,181,181,181,
181,181,181,181,181,181,181,181,181,181,181,181,181,181,181,181,
181,180,181,181,181,181,181,181,181,181,254,181,181,181,181,181,
181,181,181,181,181,180,181,181,181,181,181,181,181,181,181,181,
181,181,181,181,181,181,181,181,181,181,181,181,181,181,254,181,
181,181,181,181,181,181,181,181,181,181,181,181,181,181,181,181,
181,181,180,181,181,181,181,181,181,181,181,181,181,181,181,181,
181,181,181,181,181,181,181,181,181,181,181,181,181,254,181,181,
155,155,155,155,155,155,155,155,155,155,155,155,155,155,155,155,
102,102,102,102,102,102,102,102,102,102,102,102,102,102,102,102,
102,102,102,102,102,102,102,102,102,102,102,102,102,102,102,102,
102,102,102,102,102,102,102,102,102,102,102,102,102,102,102,102,
85,85,85,85,85,85,85,85,85,85,85,85,85,85,85,85,
94,94,94,94,94,94,94,94,94,94,94,94,94,94,94,94,
102,102,102,102,102,102,102,102,102,102,102,102,102,102,102,102,
102,102,102,102,102,102,102,102,102,102,102,102,102,102,102,102,
181,181,181,181,181,181,181,181,181,181,181,181,181,181,181,181,
181,181,181,181,181,181,181,181,181,181,181,181,181,181,181,181,
181,180,181,181,181,181,181,181,181,181,254,181,181,181,181,181,
181,181,181,181,181,180,181,181,181,181,181,181,181,181,181,181,
181,181,181,181,181,181,181,181,181,181,181,181,181,181,254,181,
181,181,181,181,181,181,181,181,181,181,181,181,181,181,181,181,
181,181,180,181,181,181,181,181,181,181,181,181,181,181,181,181,
181,181,181,181,181,181,181,181,181,181,181,181,181,254,181,181,
155,155,155,155,155,181,181,181,181,181,181,181,181,181,181,181,
102,102,102,85,13,82,82,181,181,181,181,181,181,181,181,181,
102,102,102,85,13,85,85,82,82,180,181,181,181,181,181,181,
102,102,102,85,13,85,85,85,13,82,82,181,181,180,181,181,
85,85,102,85,13,85,85,85,13,85,85,82,82,181,181,181,
94,94,102,85,13,85,85,85,13,85,85,85,13,82,82,181,
102,102,102,85,13,85,85,85,13,85,85,85,13,85,85,82,
102,102,102,85,13,85,85,85,13,85,85,85,13,85,85,82,
181,181,181,181,181,181,181,181,181,181,181,181,181,181,181,181,
181,181,181,181,181,181,181,181,181,181,181,181,181,181,181,181,
181,181,181,181,181,181,181,181,181,181,180,180,180,180,181,181,
181,181,181,181,181,181,181,180,180,180,180,180,180,180,180,180,
181,181,181,181,181,180,180,180,180,180,180,180,180,180,180,180,
181,181,181,181,180,180,180,180,180,180,180,180,180,180,180,180,
181,181,181,181,180,180,180,171,171,171,180,180,180,180,171,171,
181,181,181,180,180,180,171,171,171,171,171,171,171,171,171,171,
181,181,181,180,180,180,171,171,171,171,171,171,171,171,171,171,
181,181,181,180,180,180,171,171,171,171,171,171,171,171,171,171,
181,181,180,180,180,180,180,171,171,171,171,171,171,171,171,171,
181,181,180,180,180,180,180,171,171,171,171,171,171,171,171,171,
181,181,180,180,180,180,180,171,171,171,171,171,171,171,171,171,
181,181,180,180,180,180,180,171,171,171,171,171,171,171,171,171,
181,181,181,180,180,180,171,171,171,171,171,171,171,171,171,171,
181,181,181,180,180,180,171,171,171,171,171,171,171,171,171,171,
181,181,181,181,181,181,181,181,181,181,181,181,181,181,181,181,
181,181,181,181,181,181,181,181,181,181,180,180,180,181,181,181,
181,181,180,180,180,180,181,181,180,180,180,180,180,180,180,181,
180,180,180,180,180,180,180,180,180,180,180,180,180,180,180,180,
180,180,180,180,180,180,180,180,180,180,180,180,180,180,180,180,
180,180,180,180,180,180,180,180,180,180,171,171,171,180,180,180,
171,171,180,180,180,180,171,171,171,171,171,171,171,171,171,171,
171,171,171,171,171,171,171,171,171,171,171,171,171,171,171,171,
171,171,171,171,171,171,171,171,171,171,171,171,171,171,171,171,
171,171,171,171,171,171,171,171,171,171,171,171,171,171,171,171,
171,171,171,171,171,171,171,171,171,171,171,171,171,171,171,171,
171,171,171,171,171,171,171,171,171,171,171,171,171,171,171,171,
171,171,171,171,171,171,171,171,171,171,171,171,171,171,171,171,
171,171,171,171,170,171,171,171,171,171,171,171,171,171,171,171,
171,170,171,171,170,171,171,170,171,171,171,171,171,171,171,171,
171,171,170,171,171,171,170,171,171,171,171,171,171,171,171,171,
155,175,175,94,175,175,175,94,175,175,175,94,102,102,102,102,
155,175,175,94,175,175,175,94,175,175,175,94,102,102,102,102,
155,175,175,94,175,175,175,94,175,175,175,94,102,102,102,102,
155,175,175,94,175,175,175,94,175,175,175,94,102,102,85,85,
155,175,175,94,175,175,175,94,175,175,175,94,102,102,85,94,
155,175,175,94,175,175,175,94,175,175,175,94,102,102,102,102,
155,175,175,94,175,175,175,94,175,175,175,94,102,102,102,102,
155,175,175,94,175,175,175,94,175,175,175,94,102,102,102,102,
155,175,175,94,175,175,175,94,175,175,175,94,102,102,102,102,
155,175,175,94,175,175,175,94,175,175,175,94,102,102,102,102,
155,175,175,94,175,175,175,94,175,175,175,94,102,102,102,102,
155,175,175,94,175,175,175,94,175,175,175,94,102,102,85,85,
155,175,175,94,175,175,175,94,175,175,175,94,102,102,85,94,
155,175,175,94,175,175,175,94,175,175,175,94,102,102,102,102,
155,175,175,94,175,175,175,94,175,175,175,94,102,102,102,102,
155,175,175,94,175,175,175,94,175,175,175,94,102,102,102,102,
102,102,102,102,102,102,102,102,102,102,102,102,102,102,102,102,
102,102,102,102,102,102,102,102,102,102,102,102,102,102,102,102,
102,102,102,102,102,102,102,102,102,102,102,102,102,102,102,102,
85,85,85,85,85,85,85,85,85,85,85,85,85,85,85,85,
94,94,94,94,94,94,94,94,94,94,94,94,94,94,94,94,
102,102,102,102,102,102,102,102,102,102,102,102,102,102,102,102,
102,102,102,102,102,102,102,102,102,102,102,102,102,102,102,102,
102,102,102,102,102,102,102,102,102,102,102,102,102,102,102,102,
102,102,102,102,102,102,102,102,102,102,102,102,102,102,102,102,
102,102,102,102,102,102,102,102,102,102,102,102,102,102,102,102,
102,102,102,102,102,102,102,102,102,102,102,102,102,102,102,102,
85,85,85,85,85,85,85,85,85,85,85,85,85,85,85,85,
94,94,94,94,94,94,94,94,94,94,94,94,94,94,94,94,
102,102,102,102,102,102,102,102,102,102,102,102,102,102,102,102,
102,102,102,102,102,102,102,102,102,102,102,102,102,102,102,102,
102,102,102,102,102,102,102,102,102,102,102,102,102,102,102,102,
102,102,102,85,13,85,85,85,13,85,85,85,13,85,85,82,
102,102,102,85,13,85,85,85,13,85,85,85,13,85,85,82,
102,102,102,85,13,85,85,85,13,85,85,85,13,85,85,82,
85,102,102,85,13,85,85,85,13,85,85,85,13,85,85,82,
85,102,102,85,13,85,85,85,13,85,85,85,13,85,85,82,
102,102,102,85,13,85,85,85,13,85,85,85,13,85,85,82,
102,102,102,85,13,85,85,85,13,85,85,85,13,85,85,82,
102,102,102,85,13,85,85,85,13,85,85,85,13,85,85,82,
102,102,102,85,13,85,85,85,13,85,85,85,13,85,85,82,
102,102,102,85,13,85,85,85,13,85,85,85,13,85,85,82,
102,102,102,85,13,85,85,85,13,85,85,85,13,85,85,82,
85,102,102,85,13,85,85,85,13,85,85,85,13,85,85,82,
85,102,102,85,13,85,85,85,13,85,85,85,13,85,85,82,
102,102,102,85,13,85,85,85,13,85,85,85,13,85,85,82,
102,102,102,85,13,85,85,85,13,85,85,85,13,85,85,82,
102,102,102,85,13,85,85,85,13,85,85,85,13,85,85,82,
181,181,181,181,181,181,181,181,181,181,181,181,181,181,181,181,
181,181,181,181,181,181,181,181,181,181,181,181,181,181,181,181,
181,181,180,180,180,180,181,181,181,181,181,181,181,181,181,181,
180,180,180,180,180,180,180,180,180,181,181,181,181,181,181,181,
180,180,180,180,180,180,180,180,180,180,180,181,181,181,181,181,
180,180,180,180,180,180,180,180,180,180,180,180,181,181,181,181,
171,171,180,180,180,180,171,171,171,180,180,180,181,181,181,181,
171,171,171,171,171,171,171,171,171,171,180,180,180,181,181,181,
171,171,171,171,171,171,171,171,171,171,180,180,180,181,181,181,
171,171,171,171,171,171,171,171,171,171,180,180,180,181,181,181,
171,171,171,171,171,171,171,171,171,180,180,180,180,180,181,181,
171,171,171,171,171,171,171,171,171,180,180,180,180,180,181,181,
171,171,171,171,171,171,171,171,171,180,180,180,180,180,181,181,
171,171,171,171,171,171,171,171,171,180,180,180,180,180,181,181,
171,171,171,171,171,171,171,171,171,171,180,180,180,181,181,181,
171,171,171,171,171,171,171,171,171,171,180,180,180,181,181,181,
181,181,180,180,180,180,171,171,171,171,171,171,171,171,171,171,
181,181,180,180,180,180,171,171,171,171,171,171,171,171,171,171,
181,180,180,180,180,171,171,171,171,171,171,171,171,171,171,171,
181,180,180,180,180,171,171,171,171,171,171,171,171,171,171,171,
181,180,180,180,180,171,171,171,171,171,171,171,171,171,171,171,
181,181,180,180,180,171,171,171,171,171,171,171,170,171,171,171,
181,181,180,180,180,180,171,171,171,170,171,171,170,171,171,170,
181,181,181,180,180,180,171,171,171,171,170,171,171,171,170,171,
181,181,181,180,180,180,171,171,171,171,171,171,171,171,171,171,
181,181,181,180,180,180,171,171,171,171,171,171,171,171,171,171,
181,181,180,180,180,180,180,171,171,171,171,171,171,171,171,171,
181,181,180,180,180,180,180,171,171,171,171,171,171,171,171,171,
181,181,180,180,180,180,180,171,171,171,171,171,171,171,171,171,
181,181,180,180,180,180,180,171,171,171,171,171,171,171,171,171,
181,181,181,180,180,180,171,171,171,171,171,171,171,171,171,171,
181,181,181,180,180,180,171,171,171,171,171,171,171,171,171,171,
171,171,171,171,171,171,171,171,171,171,171,171,171,171,171,171,
171,171,171,171,171,171,171,171,171,171,180,171,171,171,171,171,
171,171,171,171,171,171,171,180,171,171,180,171,171,180,171,171,
171,171,171,171,171,171,171,171,180,171,171,171,180,171,171,171,
171,171,171,171,171,171,171,171,171,171,171,171,171,171,171,171,
171,171,171,171,171,171,171,171,171,171,171,171,171,171,171,171,
171,171,171,171,171,171,171,171,171,171,171,171,171,171,171,171,
171,171,171,171,171,171,171,171,171,171,171,171,171,171,171,171,
171,171,171,171,171,171,171,171,171,171,171,171,171,171,171,171,
171,171,171,171,171,171,171,171,171,171,171,171,171,171,171,171,
171,171,171,171,171,171,171,171,171,171,171,171,171,171,171,171,
171,171,171,171,171,171,171,171,171,171,171,171,171,171,171,171,
171,171,171,171,171,171,171,171,171,171,171,171,171,171,171,171,
171,171,171,171,171,171,171,171,171,171,171,171,171,171,171,171,
171,171,171,171,171,171,171,171,171,171,171,171,171,171,171,171,
171,171,171,171,171,171,171,171,171,171,171,171,171,171,171,171,
155,175,175,94,175,175,175,94,175,175,175,94,102,102,102,102,
155,175,175,94,175,175,175,94,175,175,175,94,102,102,102,102,
155,175,175,94,175,175,175,94,175,175,175,94,102,102,102,102,
155,175,175,94,175,175,175,94,175,175,175,94,102,102,85,85,
155,175,175,94,175,175,175,94,175,175,175,94,102,102,85,94,
155,175,175,94,175,175,175,94,175,175,175,94,102,102,102,102,
155,175,175,94,175,175,175,94,175,175,175,94,102,102,102,102,
155,175,175,94,175,175,175,94,175,175,175,94,102,102,102,102,
82,175,175,94,175,175,175,94,175,13,82,82,82,82,82,82,
82,175,175,94,175,175,175,82,82,13,13,13,13,13,13,13,
82,175,175,94,175,82,82,13,13,13,82,82,82,82,82,82,
82,175,175,82,82,13,13,13,82,82,155,155,155,155,155,155,
82,82,82,13,13,13,82,82,155,155,155,155,155,155,155,155,
82,13,13,13,82,82,155,82,155,155,155,155,155,155,155,155,
82,13,82,82,155,155,155,82,164,164,164,164,164,164,164,164,
82,82,82,155,155,155,155,82,164,164,164,164,164,164,164,164,
102,102,102,102,102,102,102,102,102,102,102,102,102,102,102,102,
102,102,102,102,102,102,102,102,102,102,102,102,102,102,102,102,
102,102,102,102,102,102,102,102,102,102,102,102,102,102,102,102,
85,85,85,85,85,85,85,85,85,85,85,85,85,85,85,85,
94,94,94,94,94,94,94,94,94,94,94,94,94,94,94,94,
102,102,102,102,102,102,102,102,102,102,102,102,102,102,102,102,
102,102,102,102,102,102,102,102,102,102,102,102,102,102,102,102,
102,102,102,102,102,102,102,102,102,102,102,102,102,102,102,102,
82,82,82,82,82,82,82,82,82,82,82,82,82,82,82,82,
13,13,13,13,13,13,13,13,13,13,13,13,13,13,13,13,
82,82,82,82,82,82,82,82,82,82,82,82,82,82,82,82,
155,155,155,155,155,155,155,155,155,155,155,155,155,155,155,155,
155,155,155,155,155,155,155,155,155,155,155,155,155,155,155,155,
155,155,155,155,155,155,155,155,155,155,155,155,155,155,155,155,
164,164,164,164,164,164,164,164,164,164,164,164,164,164,164,164,
164,164,164,164,164,164,164,164,164,164,164,164,164,164,164,164,
102,102,102,85,13,85,85,85,13,85,85,85,13,85,85,82,
102,102,102,85,13,85,85,85,13,85,85,85,13,85,85,82,
102,102,102,85,13,85,85,85,13,85,85,85,13,85,85,82,
85,102,102,85,13,85,85,85,13,85,85,85,13,85,85,82,
85,102,102,85,13,85,85,85,13,85,85,85,13,85,85,82,
102,102,102,85,13,85,85,85,13,85,85,85,13,85,85,82,
102,102,102,85,13,85,85,85,13,85,85,85,13,85,85,82,
102,102,102,85,13,85,85,85,13,85,85,85,13,85,85,82,
82,82,82,82,82,82,82,85,13,85,85,85,13,85,85,82,
13,13,13,13,13,13,13,82,82,85,85,85,13,85,85,82,
82,82,82,82,82,82,13,13,13,82,82,85,13,85,85,82,
155,155,155,155,155,155,82,82,13,13,13,82,82,85,85,82,
155,155,155,155,155,155,155,155,82,82,13,13,13,82,82,82,
155,155,155,155,155,155,155,155,82,155,82,82,13,13,13,82,
164,164,164,164,164,164,164,164,82,155,155,155,82,82,13,82,
164,164,164,164,164,164,164,164,82,155,155,155,155,82,82,82,
171,171,171,171,171,171,171,171,171,171,180,180,180,180,181,181,
171,171,171,171,171,171,171,171,171,171,180,180,180,180,181,181,
171,171,171,171,171,171,171,171,171,171,171,180,180,180,180,181,
171,171,171,171,171,171,171,171,171,171,171,180,180,180,180,181,
171,171,171,171,171,171,171,171,171,171,171,180,180,180,180,181,
171,171,171,171,171,171,171,171,171,171,171,180,180,180,181,181,
171,171,171,171,171,171,171,171,171,171,180,180,180,180,181,181,
171,171,171,171,171,171,171,171,171,171,180,180,180,181,181,181,
171,171,171,171,171,171,171,171,171,171,180,180,180,181,181,181,
171,171,171,171,171,171,171,171,171,171,180,180,180,181,181,181,
171,171,171,171,171,171,171,171,171,180,180,180,180,180,181,181,
171,171,171,171,171,171,171,171,171,180,180,180,180,180,181,181,
171,171,171,171,171,171,171,171,171,180,180,180,180,180,181,181,
171,171,171,171,170,171,171,171,171,180,180,180,180,180,181,181,
171,170,171,171,170,171,171,170,171,171,180,180,180,181,181,181,
171,171,170,171,171,171,170,171,171,171,180,180,180,181,181,181,
171,171,171,171,171,171,171,171,171,171,171,171,171,171,171,171,
171,171,171,171,171,171,171,171,171,171,171,171,171,171,171,171,
171,171,171,171,171,171,171,171,171,171,171,171,171,171,171,171,
171,171,171,171,171,171,171,171,171,171,171,171,171,171,171,171,
171,171,171,171,171,171,171,171,171,171,171,171,171,171,171,171,
171,171,171,171,171,171,171,171,171,171,171,171,171,171,171,171,
171,171,171,171,171,171,171,171,171,171,171,171,171,171,171,171,
171,171,171,171,171,171,171,171,171,171,171,171,171,171,171,171,
171,171,171,171,171,171,171,171,171,171,171,171,171,171,171,171,
171,171,171,171,171,171,171,171,171,171,171,171,171,171,171,171,
171,171,171,171,171,171,82,82,82,82,171,171,171,171,171,171,
171,171,171,171,82,155,255,255,255,255,155,82,171,171,171,171,
171,171,171,82,164,245,255,255,255,255,245,164,82,171,171,171,
171,171,171,155,245,245,255,255,255,255,245,245,155,171,171,171,
171,171,82,164,245,245,255,255,255,255,245,245,173,82,171,171,
171,171,82,164,245,245,255,255,255,255,245,245,173,82,171,171,
171,155,82,255,245,245,245,164,245,245,245,245,245,245,245,245,
171,155,82,255,245,245,245,164,245,245,245,245,245,245,245,245,
171,155,82,255,245,245,245,164,173,173,173,173,173,173,173,173,
171,155,82,255,245,245,245,164,245,245,245,245,245,245,245,245,
171,155,82,255,245,245,245,164,245,245,245,245,245,245,245,245,
171,155,82,255,245,245,245,164,245,245,245,245,245,245,245,245,
171,155,82,255,245,245,245,164,173,173,173,173,173,173,173,173,
171,155,82,255,245,245,245,164,245,245,245,245,245,245,245,245,
171,155,82,255,245,245,245,164,245,245,245,245,245,245,245,245,
171,155,82,255,245,245,245,164,245,245,245,245,245,245,245,245,
171,155,82,255,245,245,245,164,173,173,173,173,173,173,173,173,
171,155,82,255,245,245,245,164,173,173,173,173,173,173,173,173,
171,155,82,255,245,245,245,164,173,173,173,173,173,173,173,173,
171,155,82,255,245,245,245,164,155,155,155,155,155,155,155,155,
171,155,82,255,245,245,245,164,245,245,245,245,245,245,245,245,
171,155,82,255,245,245,245,164,245,245,245,245,245,245,245,245,
245,82,82,82,82,82,82,82,82,82,82,82,82,82,82,82,
245,82,227,227,227,227,227,227,227,227,227,82,82,227,227,227,
173,82,227,227,227,227,227,227,227,227,227,82,82,227,227,227,
245,82,235,235,235,235,235,235,235,235,235,82,82,235,235,235,
245,82,235,235,235,235,235,235,235,235,235,82,82,235,235,235,
245,82,244,244,244,244,244,244,244,244,244,82,82,244,244,244,
173,82,244,244,244,244,244,244,244,244,244,82,82,244,244,244,
245,82,109,109,109,109,109,109,109,109,109,82,82,109,109,109,
245,82,82,82,82,82,82,82,82,82,82,82,82,82,82,82,
245,255,255,255,255,255,255,255,255,255,255,255,255,255,255,255,
173,173,173,173,173,173,173,173,173,173,173,173,173,173,173,173,
173,173,173,173,173,173,173,173,173,173,173,173,173,173,173,173,
173,173,173,173,173,173,173,173,173,173,173,173,173,173,173,173,
155,155,155,155,155,155,155,155,155,155,155,155,155,155,155,155,
245,245,245,245,245,245,245,245,245,245,245,245,245,245,245,245,
82,82,82,82,82,82,82,82,82,82,82,82,82,82,82,82,
82,82,82,82,82,82,82,245,245,82,82,82,82,82,82,82,
227,227,227,227,227,227,82,245,245,82,227,227,227,227,227,227,
227,227,227,227,227,227,82,173,173,82,227,227,227,227,227,227,
235,235,235,235,235,235,82,245,245,82,235,235,235,235,235,235,
235,235,235,235,235,235,82,245,245,82,235,235,235,235,235,235,
244,244,244,244,244,244,82,245,245,82,244,244,244,244,244,244,
244,244,244,244,244,244,82,173,173,82,244,244,244,244,244,244,
109,109,109,109,109,109,82,245,245,82,109,109,109,109,109,109,
82,82,82,82,82,82,82,245,245,82,82,82,82,82,82,82,
255,255,255,255,255,255,255,245,245,255,255,255,255,255,255,255,
173,173,173,173,173,173,173,173,173,173,173,173,173,173,173,173,
173,173,173,173,173,173,173,173,173,173,173,173,173,173,173,173,
173,173,173,173,173,173,173,173,173,173,173,173,173,173,173,173,
155,155,155,155,155,155,155,155,155,155,155,155,155,155,155,155,
245,245,245,245,245,245,245,245,245,245,245,245,245,245,245,245,
245,245,245,245,245,245,245,245,245,245,245,245,245,245,245,245,
82,82,82,82,82,82,82,82,82,82,82,82,82,82,82,245,
227,227,227,82,82,227,227,227,227,227,227,227,227,227,82,245,
227,227,227,82,82,227,227,227,227,227,227,227,227,227,82,173,
235,235,235,82,82,235,235,235,235,235,235,235,235,235,82,245,
235,235,235,82,82,235,235,235,235,235,235,235,235,235,82,245,
244,244,244,82,82,244,244,244,244,244,244,244,244,244,82,245,
244,244,244,82,82,244,244,244,244,244,244,244,244,244,82,173,
109,109,109,82,82,109,109,109,109,109,109,109,109,109,82,245,
82,82,82,82,82,82,82,82,82,82,82,82,82,82,82,245,
255,255,255,255,255,255,255,255,255,255,255,255,255,255,255,245,
173,173,173,173,173,173,173,173,173,173,173,173,173,173,173,173,
173,173,173,173,173,173,173,173,173,173,173,173,173,173,173,173,
173,173,173,173,173,173,173,173,173,173,173,173,173,173,173,173,
155,155,155,155,155,155,155,155,155,155,155,155,155,155,155,155,
245,245,245,245,245,245,245,245,245,245,245,245,245,245,245,245,
245,245,245,245,245,245,245,245,245,245,245,245,245,245,245,245,
245,245,245,245,245,245,245,245,164,245,245,245,155,82,155,155,
245,245,245,245,245,245,245,245,164,245,245,245,155,82,155,155,
173,173,173,173,173,173,173,173,164,245,245,245,155,82,155,155,
245,245,245,245,245,245,245,245,164,245,245,245,155,82,155,155,
245,245,245,245,245,245,245,245,164,245,245,245,155,82,155,155,
245,245,245,245,245,245,245,245,164,245,245,245,155,82,155,155,
173,173,173,173,173,173,173,173,164,245,245,245,155,82,155,155,
245,245,245,245,245,245,245,245,164,245,245,245,155,82,155,155,
245,245,245,245,245,245,245,245,164,245,245,245,155,82,155,155,
245,245,245,245,245,245,245,245,164,245,245,245,155,82,155,155,
173,173,173,173,173,173,173,173,164,245,245,245,155,82,155,155,
173,173,173,173,173,173,173,173,164,245,245,245,155,82,155,155,
173,173,173,173,173,173,173,173,164,245,245,245,155,82,155,155,
155,155,155,155,155,155,155,155,164,245,245,245,155,82,155,155,
245,245,245,245,245,245,245,245,164,245,245,245,155,82,155,155,
245,245,245,245,245,245,245,245,164,245,245,245,155,82,155,155,
171,171,82,164,245,245,255,255,255,255,245,245,173,82,171,171,
171,171,82,164,245,245,255,255,255,255,245,245,173,82,171,171,
171,171,82,164,245,245,164,164,164,164,245,245,173,82,171,171,
171,171,82,173,155,164,173,173,173,173,164,155,173,82,171,171,
171,171,82,155,164,173,173,173,173,173,173,164,155,82,171,171,
171,171,82,164,173,155,82,82,82,82,155,173,164,82,171,171,
171,171,82,255,173,245,245,245,245,245,245,173,164,82,171,171,
171,171,82,255,173,173,173,173,173,173,173,173,164,82,171,171,
171,171,82,255,173,255,255,255,255,255,255,173,164,82,171,171,
171,171,82,255,173,255,255,255,255,255,255,173,164,82,171,171,
171,171,82,255,164,164,164,164,164,164,164,164,164,82,171,171,
171,171,82,82,82,82,82,82,82,82,82,82,82,82,171,171,
171,171,171,155,155,155,82,164,155,82,155,155,155,155,171,171,
171,171,171,155,155,155,82,164,155,82,155,155,155,155,171,171,
171,171,171,155,155,155,155,82,82,155,155,155,155,155,171,171,
171,171,171,171,155,155,155,155,155,155,155,155,155,171,171,171,
171,155,82,255,245,245,245,164,245,245,245,245,245,245,245,245,
171,155,82,255,245,245,245,164,245,245,245,245,245,245,245,245,
171,155,82,255,245,245,245,164,173,173,173,173,173,173,173,173,
171,155,82,255,245,245,245,164,245,245,245,245,245,245,245,245,
171,155,82,255,245,245,245,164,245,245,245,245,245,245,245,245,
171,155,82,255,245,245,245,164,245,245,245,245,245,245,245,245,
171,155,82,255,245,245,245,164,173,173,173,173,173,173,173,173,
171,155,82,255,245,245,245,164,245,245,245,245,245,245,245,245,
171,155,82,255,245,245,245,164,245,245,245,245,245,245,245,245,
171,155,82,255,245,245,245,164,245,245,245,245,245,245,245,245,
171,155,82,245,173,173,173,155,173,173,173,173,173,173,173,173,
171,155,82,245,173,173,173,155,173,173,173,173,173,173,173,173,
171,155,82,245,173,173,173,155,173,173,173,173,173,173,173,173,
171,155,82,155,155,155,155,155,155,155,155,155,155,155,155,155,
171,155,82,82,82,82,82,82,82,82,82,82,82,82,82,82,
171,155,155,155,155,155,155,155,155,155,155,155,155,155,155,155,
82,155,155,155,155,155,155,155,155,155,155,155,155,155,155,82,
82,155,82,82,82,82,82,82,82,82,82,82,82,82,155,82,
82,93,82,218,218,218,218,218,218,218,218,218,218,82,93,82,
82,93,82,227,227,227,227,227,227,227,227,227,227,82,167,82,
82,93,82,227,227,227,227,227,227,227,227,227,227,82,167,82,
82,93,82,236,236,236,236,236,236,236,236,236,236,82,167,82,
82,93,82,236,236,236,236,236,236,236,236,236,236,82,167,82,
82,93,82,82,82,82,82,82,82,82,82,82,82,82,167,82,
82,82,82,167,167,167,167,167,167,167,167,167,167,167,167,82,
82,255,237,82,102,102,102,102,102,102,102,102,102,102,102,82,
82,237,237,82,93,93,93,93,93,93,93,93,93,93,93,82,
82,82,82,93,93,93,93,93,93,93,93,93,93,93,93,82,
82,93,93,93,93,93,93,93,93,93,93,93,93,93,93,82,
82,82,82,82,82,82,82,82,82,82,82,82,82,82,82,82,
82,155,155,155,155,155,155,155,155,155,155,155,155,155,155,82,
155,155,155,155,155,155,155,155,155,155,155,155,155,155,155,155,
245,245,245,245,245,245,245,245,245,82,82,82,82,82,82,82,
245,245,245,245,245,245,245,245,245,82,227,227,227,227,227,227,
173,173,173,173,173,173,173,173,173,82,227,227,227,227,227,227,
245,245,245,245,245,245,245,245,245,82,235,235,235,235,235,235,
245,245,245,245,245,245,245,245,245,82,235,235,235,235,235,235,
245,245,245,245,245,245,245,245,245,82,244,244,244,244,244,244,
173,173,173,173,173,173,173,173,173,82,244,244,244,244,244,244,
245,245,245,245,245,245,245,245,245,82,109,109,109,109,109,109,
245,245,245,245,245,245,245,245,245,82,82,82,82,82,82,82,
245,245,245,245,245,245,245,245,245,255,255,255,255,255,255,255,
173,173,173,173,173,173,173,173,173,173,173,173,173,173,173,173,
173,173,173,173,173,173,173,173,173,173,173,173,173,173,173,173,
173,173,173,173,173,173,173,173,173,173,173,173,173,173,173,173,
155,155,155,155,155,155,155,155,155,155,155,155,155,155,155,155,
82,82,82,82,82,82,82,82,82,82,82,82,82,82,82,82,
155,155,155,155,155,155,155,155,155,155,155,155,155,155,155,155,
82,82,82,82,82,82,82,82,82,82,82,82,82,82,82,245,
227,227,227,82,82,227,227,227,227,227,227,227,227,227,82,245,
227,227,227,82,82,227,227,227,227,227,227,227,227,227,82,173,
235,235,235,82,82,235,235,235,235,235,235,235,235,235,82,245,
235,235,235,82,82,235,235,235,235,235,235,235,235,235,82,245,
244,244,244,82,82,244,244,244,244,244,244,244,244,244,82,245,
244,244,244,82,82,244,244,244,244,244,244,244,244,244,82,173,
109,109,109,82,82,109,109,109,109,109,109,109,109,109,82,245,
82,82,82,82,82,82,82,82,82,82,82,82,82,82,82,245,
255,255,255,255,255,255,255,255,255,255,255,255,255,255,255,245,
173,173,173,173,173,173,173,173,173,173,173,173,173,173,173,173,
173,173,173,173,173,173,173,173,173,173,173,173,173,173,173,173,
173,173,173,173,173,173,173,173,173,173,173,173,173,173,173,173,
155,155,155,155,155,155,155,155,155,155,155,155,155,155,155,155,
82,82,82,82,82,82,82,82,82,82,82,82,82,82,82,82,
155,155,155,155,155,155,155,155,155,155,155,155,155,155,155,155,
245,245,245,245,245,245,245,245,164,245,245,245,155,82,155,155,
245,245,245,245,245,245,245,245,164,245,245,245,155,82,155,155,
173,173,173,173,173,173,173,173,164,245,245,245,155,82,155,155,
245,245,245,245,245,245,245,245,164,245,245,245,155,82,155,155,
245,245,245,245,245,245,245,245,164,245,245,245,155,82,155,155,
245,245,245,245,245,245,245,245,164,245,245,245,155,82,155,155,
173,173,173,173,173,173,173,173,164,245,245,245,155,82,155,155,
245,245,245,245,245,245,245,245,164,245,245,245,155,82,155,155,
245,245,245,245,245,245,245,245,164,245,245,245,155,82,155,155,
245,245,245,245,245,245,245,245,164,245,245,245,155,82,155,155,
173,173,173,173,173,173,173,173,155,173,173,173,155,82,155,155,
173,173,173,173,173,173,173,173,155,173,173,173,155,82,155,155,
173,173,173,173,173,173,173,173,155,173,173,173,155,82,155,155,
155,155,155,155,155,155,155,155,155,155,155,155,155,82,155,155,
82,82,82,82,82,82,82,82,82,82,82,82,82,82,155,155,
155,155,155,155,155,155,155,155,155,155,155,155,155,155,155,155,
181,181,181,180,180,180,171,171,171,171,171,171,171,171,171,171,
181,181,181,181,180,180,180,171,171,171,180,180,180,180,171,171,
181,181,181,181,180,180,180,180,180,180,180,180,180,180,180,180,
181,181,181,181,181,180,180,180,180,180,180,180,180,180,180,180,
181,181,181,181,181,181,181,180,180,180,180,180,180,180,180,180,
181,181,181,181,181,181,181,181,181,181,180,180,180,180,181,181,
181,181,181,181,181,181,181,181,181,181,181,181,181,181,181,181,
181,181,181,181,181,181,181,181,181,181,181,181,181,181,181,181,
181,181,181,181,181,181,181,181,181,181,181,181,181,181,181,181,
181,181,181,181,181,181,181,181,181,181,181,181,181,181,181,181,
181,181,254,181,181,181,181,181,181,180,181,181,181,181,181,181,
181,181,181,181,181,181,181,181,181,181,181,181,181,180,181,181,
181,181,181,181,181,181,254,181,181,181,181,181,181,181,181,181,
181,181,181,181,181,181,181,181,181,181,181,181,181,181,181,181,
181,181,181,181,181,181,181,181,181,181,180,181,181,181,181,181,
181,181,181,181,181,254,181,181,181,181,181,181,181,181,181,181,
171,171,171,171,171,171,171,171,171,171,171,171,171,171,171,171,
171,171,171,171,171,171,171,171,171,171,180,180,180,180,171,171,
180,180,171,171,171,180,180,180,180,180,180,180,180,180,180,180,
180,180,180,180,180,180,180,180,180,180,180,180,180,180,180,180,
180,180,180,180,180,180,180,180,180,180,180,180,180,180,180,180,
180,180,180,180,180,180,180,181,181,181,180,180,180,180,181,181,
181,181,180,180,180,181,181,181,181,181,181,181,181,181,181,181,
181,181,181,181,181,181,181,181,181,181,181,181,181,181,181,181,
181,181,181,181,181,181,181,181,181,181,181,181,181,181,181,181,
181,181,181,181,181,181,181,181,181,181,181,181,181,181,181,181,
181,181,254,181,181,181,181,181,181,180,181,181,181,181,181,181,
181,181,181,181,181,181,181,181,181,181,181,181,181,180,181,181,
181,181,181,181,181,181,254,181,181,181,181,181,181,181,181,181,
181,181,181,181,181,181,181,181,181,181,181,181,181,181,181,181,
181,181,181,181,181,181,181,181,181,181,180,181,181,181,181,181,
181,181,181,181,181,254,181,181,181,181,181,181,181,181,181,181,
171,171,171,171,171,171,171,171,171,171,180,180,180,181,181,181,
171,171,180,180,180,180,171,171,171,180,180,180,181,181,181,181,
180,180,180,180,180,180,180,180,180,180,180,180,181,181,181,181,
180,180,180,180,180,180,180,180,180,180,180,181,181,181,181,181,
180,180,180,180,180,180,180,180,180,181,181,181,181,181,181,181,
181,181,180,180,180,180,181,181,181,181,181,181,181,181,181,181,
181,181,181,181,181,181,181,181,181,181,181,181,181,181,181,181,
181,181,181,181,181,181,181,181,181,181,181,181,181,181,181,181,
181,181,181,181,181,181,181,181,181,181,181,181,181,181,181,181,
181,181,181,181,181,181,181,181,181,181,181,181,181,181,181,181,
181,181,254,181,181,181,181,181,181,180,181,181,181,181,181,181,
181,181,181,181,181,181,181,181,181,181,181,181,181,180,181,181,
181,181,181,181,181,181,254,181,181,181,181,181,181,181,181,181,
181,181,181,181,181,181,181,181,181,181,181,181,181,181,181,181,
181,181,181,181,181,181,181,181,181,181,180,181,181,181,181,181,
181,181,181,181,181,254,181,181,181,181,181,181,181,181,181,181,
181,181,181,181,181,181,181,181,181,181,181,181,181,181,181,181,
181,181,181,181,181,181,181,181,181,181,181,181,181,181,181,181,
181,180,181,181,181,181,181,181,181,181,254,181,181,181,181,181,
181,181,181,181,181,180,181,181,181,181,181,181,181,181,181,181,
181,181,181,181,181,181,181,181,181,181,181,181,181,181,254,181,
181,181,181,181,181,181,181,181,181,181,181,181,181,181,181,181,
181,181,180,181,181,181,181,181,181,181,181,181,181,181,181,181,
181,181,181,181,181,181,181,181,181,181,181,181,181,254,181,181,
181,82,82,82,82,82,82,82,82,82,82,82,82,82,82,82,
82,155,246,246,246,246,246,246,246,246,246,246,246,246,246,246,
82,246,172,172,172,172,172,172,172,172,172,172,172,172,172,172,
82,246,172,172,82,82,82,82,82,82,82,82,82,82,82,82,
82,246,172,82,82,82,82,82,82,82,82,82,82,82,82,82,
82,246,172,82,82,82,82,82,82,82,82,82,82,82,82,82,
82,246,172,82,82,82,82,82,82,82,82,82,82,82,82,82,
82,246,172,82,155,155,155,155,155,155,155,155,82,155,155,155,
181,181,181,181,181,181,181,181,181,181,181,181,181,181,181,181,
181,181,181,181,181,181,181,181,181,181,181,181,181,181,181,181,
181,180,181,181,181,181,181,181,181,181,254,181,181,181,181,181,
181,181,181,181,181,180,181,181,181,181,181,181,181,181,181,181,
181,181,181,181,181,181,181,181,181,181,181,181,181,181,254,181,
181,181,181,181,181,181,181,181,181,181,181,181,181,181,181,181,
181,181,180,181,181,181,181,181,181,181,181,181,181,181,181,181,
181,181,181,181,181,181,181,181,181,181,181,181,181,254,181,181,
82,82,82,82,82,82,82,82,82,82,82,82,82,82,82,82,
246,246,246,246,246,246,246,246,246,246,246,246,246,246,246,246,
172,172,172,172,172,172,172,172,172,172,172,172,172,172,172,172,
82,82,82,82,82,82,82,82,82,82,82,82,82,82,82,82,
82,82,82,82,82,82,82,82,82,82,82,82,82,82,82,82,
82,82,82,82,82,82,82,82,82,82,82,82,82,82,82,82,
82,82,82,82,82,82,82,82,82,82,82,82,82,82,82,82,
155,155,155,155,82,155,155,155,155,155,155,155,82,155,155,155,
181,181,181,181,181,181,181,181,181,181,181,181,181,181,181,181,
181,181,181,181,181,181,181,181,181,181,181,181,181,181,181,181,
181,180,181,181,181,181,181,181,181,181,254,181,181,181,181,181,
181,181,181,181,181,180,181,181,181,181,181,181,181,181,181,181,
181,181,181,181,181,181,181,181,181,181,181,181,181,181,254,181,
181,181,181,181,181,181,181,181,181,181,181,181,181,181,181,181,
181,181,180,181,181,181,181,181,181,181,181,181,181,181,181,181,
181,181,181,181,181,181,181,181,181,181,181,181,181,254,181,181,
82,82,82,82,82,82,82,82,82,82,82,82,82,82,82,82,
255,255,255,255,255,255,255,255,255,255,255,255,255,255,255,255,
172,172,172,172,82,82,82,82,82,82,82,82,82,82,82,82,
82,82,82,82,165,165,165,165,165,165,165,165,165,165,165,165,
82,82,82,82,165,165,165,165,165,165,165,165,165,165,165,165,
82,82,82,82,165,165,84,84,84,84,84,84,84,84,84,84,
82,82,82,82,165,165,84,84,84,84,84,84,84,84,84,84,
82,82,82,82,165,165,84,84,84,84,84,84,84,84,84,84,
181,181,181,181,181,181,181,181,181,181,181,181,181,181,181,181,
181,181,181,181,181,181,181,181,181,181,181,181,181,181,181,181,
181,180,181,181,181,181,181,181,181,181,254,181,181,181,181,181,
181,181,181,181,181,180,181,181,181,181,181,181,181,181,181,181,
181,181,181,181,181,181,181,181,181,181,181,181,181,181,254,181,
181,181,181,181,181,181,181,181,181,181,181,181,181,181,181,181,
181,181,180,181,181,181,181,181,181,181,181,181,181,181,181,181,
181,181,181,181,181,181,181,181,181,181,181,181,181,254,181,181,
82,82,82,82,82,82,82,82,82,82,82,82,82,82,82,181,
255,255,255,255,255,255,255,255,246,246,246,246,246,246,155,82,
82,82,172,172,172,172,172,172,172,172,172,172,172,172,172,82,
165,84,82,82,82,82,82,82,82,82,82,82,172,172,172,82,
165,84,82,82,82,82,82,82,82,82,82,82,82,172,172,82,
165,84,82,82,82,82,82,82,82,82,82,82,82,172,172,82,
165,84,82,82,82,82,82,82,82,82,82,82,82,172,172,82,
165,84,82,82,82,82,155,155,155,155,155,155,82,172,172,82,
82,246,172,82,155,172,172,172,172,172,172,172,82,172,172,172,
82,246,172,82,155,172,237,237,237,237,237,237,82,237,237,237,
82,246,172,82,155,172,237,237,237,237,237,237,82,237,237,237,
82,246,172,82,155,172,237,237,237,237,237,237,155,237,237,237,
82,246,172,82,82,82,82,82,82,82,82,155,155,155,82,82,
82,246,172,82,155,172,237,237,237,237,237,237,155,237,237,237,
82,246,172,82,155,172,237,237,237,237,237,237,82,237,237,237,
82,246,172,82,155,172,237,237,237,237,237,237,82,237,237,237,
82,246,172,82,155,172,237,237,237,237,237,237,82,237,237,237,
82,246,172,82,155,172,237,237,237,237,237,237,82,237,237,237,
82,246,172,82,155,172,237,237,237,237,237,237,82,237,237,237,
82,246,172,82,155,172,237,237,237,237,237,237,155,237,237,237,
82,246,172,82,82,82,82,82,82,82,82,155,155,155,82,82,
82,246,172,82,155,172,237,237,237,237,237,237,155,237,237,237,
82,246,172,82,155,172,237,237,237,237,237,237,82,237,237,237,
82,246,172,82,155,172,237,237,237,237,237,237,82,237,237,237,
172,172,172,172,82,172,172,172,172,172,172,172,82,172,172,172,
237,237,237,237,82,237,237,237,237,237,237,237,82,237,237,237,
237,237,237,237,82,237,237,237,237,237,237,237,82,237,237,237,
237,237,237,237,155,237,237,237,237,237,237,237,155,237,237,237,
82,82,82,155,155,155,82,82,82,82,82,155,155,155,82,82,
237,237,237,237,155,237,237,237,237,237,237,237,155,237,237,237,
237,237,237,237,82,237,237,237,237,237,237,237,82,237,237,237,
237,237,237,237,82,237,237,237,237,237,237,237,82,237,237,237,
237,237,237,237,82,237,237,237,237,237,237,237,82,237,237,237,
237,237,237,237,82,237,237,237,237,237,237,237,82,237,237,237,
237,237,237,237,82,237,237,237,237,237,237,237,82,237,237,237,
237,237,237,237,155,237,237,237,237,237,237,237,155,237,237,237,
82,82,82,155,155,155,82,82,82,82,82,155,155,155,82,82,
237,237,237,237,155,237,237,237,237,237,237,237,155,237,237,237,
237,237,237,237,82,237,237,237,237,237,237,237,82,237,237,237,
237,237,237,237,82,237,237,237,237,237,237,237,82,237,237,237,
82,165,165,82,165,165,84,84,84,84,84,84,84,84,84,84,
82,84,165,82,165,165,82,82,82,82,82,82,82,82,82,82,
82,84,84,82,165,165,82,82,82,82,82,82,82,82,82,82,
82,84,84,82,165,165,82,82,82,82,82,82,82,82,82,82,
82,84,84,82,165,165,82,82,82,82,82,82,82,82,82,82,
82,84,84,82,165,165,82,82,82,82,82,82,82,82,82,82,
82,84,84,82,165,165,82,82,82,82,82,82,82,82,82,82,
82,84,84,82,165,165,165,165,165,165,165,165,165,165,165,165,
82,84,84,82,165,165,165,165,165,165,165,165,165,165,165,165,
82,84,84,82,84,84,84,84,84,84,84,84,84,84,84,84,
82,84,84,82,84,84,84,84,84,84,84,84,84,84,84,84,
82,84,84,82,84,84,84,84,84,84,84,84,84,84,84,84,
82,84,84,82,84,84,84,84,84,84,84,84,84,84,84,84,
82,84,84,82,84,84,84,84,84,84,84,84,84,84,84,84,
82,84,84,82,84,84,84,84,84,84,84,84,84,84,84,84,
82,84,84,82,82,82,82,82,82,82,82,82,82,82,82,82,
165,84,82,165,165,82,155,155,172,172,172,155,82,172,172,82,
165,84,82,165,84,82,155,155,237,237,237,155,82,172,172,82,
165,84,82,84,84,82,155,155,237,237,237,155,82,172,172,82,
165,84,82,84,84,82,155,155,237,237,237,155,82,172,172,82,
165,84,82,84,84,82,155,155,82,82,82,155,82,172,172,82,
165,84,82,84,84,82,155,155,237,237,237,155,82,172,172,82,
165,84,82,84,84,82,155,155,237,237,237,155,82,172,172,82,
165,84,82,84,84,82,155,155,237,237,237,155,82,172,172,82,
165,84,82,84,84,82,155,155,237,237,237,155,82,172,172,82,
84,84,82,84,84,82,155,155,237,237,237,155,82,172,172,82,
84,84,82,84,84,82,155,155,237,237,237,155,82,172,172,82,
84,84,82,84,84,82,155,155,237,237,237,155,82,172,172,82,
84,84,82,84,84,82,155,155,82,82,82,155,82,172,172,82,
84,84,82,84,84,82,155,155,237,237,237,155,82,172,172,82,
84,84,82,84,84,82,155,155,237,237,237,155,82,172,172,82,
82,82,82,84,84,82,155,155,237,237,237,155,82,172,172,82,
181,181,181,181,181,181,181,181,181,181,181,181,181,181,181,181,
181,181,181,181,181,181,181,181,181,181,181,181,181,181,181,181,
181,181,181,181,181,181,181,181,181,180,181,181,181,181,181,181,
180,181,181,181,181,181,181,181,181,181,181,181,181,180,181,181,
180,180,180,181,181,181,181,181,181,181,181,181,181,181,181,181,
180,180,180,180,181,181,181,181,181,181,181,181,181,181,181,181,
171,180,180,180,181,181,181,181,181,181,180,181,181,181,181,181,
171,171,180,180,180,181,181,181,181,181,181,181,181,181,181,181,
171,171,180,180,180,181,181,181,181,181,181,181,181,181,181,181,
171,171,180,180,180,181,181,181,181,181,181,181,181,181,181,181,
171,180,180,180,180,180,181,181,181,181,254,181,181,181,181,181,
171,180,180,180,180,180,181,181,181,181,181,181,181,181,181,181,
171,180,180,180,180,180,181,181,181,181,181,181,181,181,254,181,
171,180,180,180,180,180,181,181,181,181,181,181,181,181,181,181,
171,171,180,180,180,181,181,181,181,181,181,181,181,181,181,181,
171,171,180,180,180,181,181,181,181,181,181,181,181,254,181,181,
181,181,181,181,181,181,181,181,181,181,181,181,181,181,181,181,
181,181,181,181,181,181,181,181,181,181,181,181,181,181,181,181,
181,181,155,155,155,155,181,181,181,181,155,155,155,155,181,181,
180,155,173,255,255,173,155,180,180,155,173,255,255,173,155,180,
180,155,255,255,255,255,155,180,180,155,255,255,255,255,155,180,
180,155,245,164,164,245,155,180,180,155,245,164,164,245,155,180,
155,82,164,164,164,164,82,155,155,82,164,164,164,164,82,155,
255,82,164,164,164,164,82,255,255,82,164,164,164,164,82,255,
155,82,164,164,164,164,82,155,155,82,164,164,164,164,82,155,
82,82,164,164,164,164,82,82,82,82,164,164,164,164,82,82,
171,82,164,164,164,164,82,171,171,82,164,164,164,164,82,171,
171,82,164,164,164,164,82,171,171,82,164,164,164,164,82,171,
171,82,82,82,82,82,82,171,171,82,82,82,82,82,82,171,
171,155,155,155,155,155,155,155,171,155,155,155,155,155,155,155,
171,171,171,155,155,155,155,155,171,171,171,155,155,155,155,155,
171,171,171,171,171,155,155,155,171,171,171,171,171,155,155,155,
173,173,82,82,82,82,173,173,173,173,82,82,82,82,173,173,
82,82,82,164,164,82,82,82,82,82,82,164,164,82,82,82,
82,255,255,255,255,255,255,255,255,255,255,255,255,255,255,82,
82,255,255,255,255,255,255,255,255,255,255,255,255,255,255,82,
82,173,173,173,173,173,173,173,173,173,173,173,173,173,173,82,
82,173,85,85,85,85,173,173,173,173,85,85,85,85,173,82,
82,173,173,85,173,173,173,173,94,173,173,173,85,173,173,82,
82,173,94,85,173,85,173,85,85,173,85,173,85,94,173,82,
82,173,173,94,173,94,173,173,94,173,94,173,94,173,173,82,
82,173,173,173,173,173,173,173,173,173,173,173,173,173,173,82,
82,155,155,164,164,164,155,155,155,155,155,164,164,164,155,82,
82,173,173,173,173,173,173,173,173,173,173,173,173,173,173,82,
82,82,82,82,82,82,82,82,82,82,82,82,82,82,82,82,
155,155,82,164,82,155,155,155,155,155,155,82,164,82,155,155,
155,155,82,82,82,155,155,155,155,155,155,82,82,82,155,155,
155,155,155,155,155,155,155,155,155,155,155,155,155,155,155,155,
82,246,172,82,155,172,237,237,237,237,237,237,82,237,237,237,
82,246,172,82,155,172,237,237,237,237,237,237,82,237,237,237,
82,246,172,82,155,172,237,237,237,237,237,237,82,237,237,237,
82,246,172,82,155,172,237,237,237,237,237,237,155,237,237,237,
82,246,172,82,82,82,82,82,82,82,82,155,155,155,82,82,
82,246,172,82,155,172,237,237,237,237,237,237,155,237,237,237,
82,246,172,82,155,172,237,237,237,237,237,237,82,237,237,237,
82,246,172,82,155,172,237,237,237,237,237,237,82,237,237,237,
82,246,172,172,82,82,82,82,82,82,82,82,82,82,82,82,
82,246,172,172,172,172,172,172,172,172,172,172,172,172,172,172,
82,172,172,172,172,172,172,172,172,172,172,172,172,172,172,172,
82,172,155,155,155,155,155,155,155,155,155,155,155,155,155,155,
82,172,155,155,155,155,155,155,155,155,155,155,155,155,155,155,
82,172,155,155,155,155,155,155,155,155,155,155,155,155,155,155,
82,172,155,155,155,155,155,155,155,155,155,155,155,155,155,155,
155,82,82,82,82,82,82,82,82,82,82,82,82,82,82,82,
237,237,237,237,82,237,237,237,237,237,237,237,82,237,237,237,
237,237,237,237,82,237,237,237,237,237,237,237,82,237,237,237,
237,237,237,237,82,237,237,237,237,237,237,237,82,237,237,237,
237,237,237,237,155,237,237,237,237,237,237,237,155,237,237,237,
82,82,82,155,155,155,82,82,82,82,82,155,155,155,82,82,
237,237,237,237,155,237,237,237,237,237,237,237,155,237,237,237,
237,237,237,237,82,237,237,237,237,237,237,237,82,237,237,237,
237,237,237,237,82,237,237,237,237,237,237,237,82,237,237,237,
82,82,82,82,82,82,82,82,82,82,82,82,82,82,82,82,
172,172,172,172,172,172,172,172,172,172,172,172,172,172,172,172,
172,172,172,172,172,172,172,172,172,172,172,172,172,172,172,172,
155,155,155,155,155,155,155,155,155,155,155,155,155,155,155,155,
155,155,155,155,155,155,155,155,155,155,155,155,155,155,155,155,
155,155,155,155,155,155,155,155,155,155,155,155,155,155,155,155,
155,155,155,155,155,155,155,155,155,155,155,155,155,155,155,155,
82,82,82,82,82,82,82,82,82,82,82,82,82,82,82,82,
82,84,84,82,84,84,84,84,84,84,84,84,84,84,84,84,
82,84,82,84,84,84,84,84,84,84,84,84,84,84,84,84,
82,84,82,84,84,84,84,84,84,84,84,84,84,84,84,84,
82,82,84,84,84,84,84,84,84,84,84,84,84,84,84,84,
82,82,82,82,82,82,82,82,82,82,82,82,82,82,82,82,
155,155,155,155,155,155,155,155,155,155,155,155,155,155,155,155,
237,155,155,155,155,155,155,155,155,155,155,155,155,155,155,155,
237,237,237,237,82,237,237,237,237,237,237,237,82,237,237,237,
82,82,82,82,82,82,82,82,82,82,82,82,82,82,82,82,
172,172,172,172,172,172,172,172,172,172,172,172,172,172,172,172,
172,172,172,172,172,172,172,172,172,172,172,172,172,172,172,172,
155,155,155,155,155,155,155,155,155,155,155,155,155,155,155,155,
155,155,155,155,155,155,155,155,155,155,155,155,155,155,155,155,
155,155,155,155,155,155,155,155,155,155,155,155,155,155,155,155,
155,155,155,155,155,155,155,155,155,155,155,155,155,155,155,155,
82,82,82,82,82,82,82,82,82,82,82,82,82,82,82,82,
84,84,82,84,84,82,155,155,237,237,237,155,82,172,172,82,
84,84,84,82,84,82,155,155,237,237,237,155,82,172,172,82,
84,84,84,82,84,82,155,155,237,237,237,155,82,172,172,82,
84,84,84,84,82,82,155,155,237,237,237,155,82,172,172,82,
82,82,82,82,82,82,155,155,82,82,82,155,82,172,172,82,
155,155,155,155,155,155,155,155,237,237,237,155,82,172,172,82,
155,155,155,155,155,155,155,155,237,237,237,155,82,172,172,82,
237,237,237,237,82,237,237,237,237,237,237,155,82,172,172,82,
82,82,82,82,82,82,82,82,82,82,82,82,172,172,172,82,
172,172,172,172,172,172,172,172,172,172,172,172,172,172,172,82,
172,172,172,172,172,172,172,172,172,172,172,172,172,172,155,82,
155,155,155,155,155,155,155,155,155,155,155,155,155,155,155,82,
155,155,155,155,155,155,155,155,155,155,155,155,155,155,155,82,
155,155,155,155,155,155,155,155,155,155,155,155,155,155,155,82,
155,155,155,155,155,155,155,155,155,155,155,155,155,155,155,82,
82,82,82,82,82,82,82,82,82,82,82,82,82,82,82,155,
171,171,180,180,180,180,181,181,181,181,181,181,181,181,181,181,
171,171,180,180,180,180,181,181,181,181,181,181,181,181,181,181,
171,171,171,180,180,180,180,181,181,180,181,181,181,181,181,181,
171,171,171,180,180,180,180,181,181,181,181,181,181,180,181,181,
171,171,171,180,180,180,180,181,181,181,181,181,181,181,181,181,
171,171,171,180,180,180,181,181,181,181,181,181,181,181,181,181,
171,171,180,180,180,180,181,181,181,181,180,181,181,181,181,181,
171,171,180,180,180,181,181,181,181,181,181,181,181,181,181,181,
171,171,180,180,180,181,181,181,181,181,181,181,181,181,181,181,
171,171,180,180,180,181,181,181,181,181,181,181,181,181,181,181,
171,180,180,180,180,180,181,181,181,181,254,181,181,181,181,181,
171,180,180,180,180,180,181,181,181,181,181,181,181,181,181,181,
171,180,180,180,180,180,181,181,181,181,181,181,181,181,254,181,
171,180,180,180,180,180,181,181,181,181,181,181,181,181,181,181,
171,171,180,180,180,181,181,181,181,181,181,181,181,181,181,181,
171,171,180,180,180,181,181,181,181,181,181,181,181,254,181,181,
171,171,171,171,171,171,171,171,171,171,171,171,171,171,171,171,
171,171,171,171,171,77,77,77,171,171,171,171,171,171,171,171,
171,171,171,77,77,77,102,102,77,171,171,171,171,171,171,171,
171,171,77,102,102,77,102,102,77,171,171,171,171,171,171,171,
171,171,77,102,111,111,77,77,77,77,171,77,77,171,171,171,
171,77,77,77,111,111,102,77,102,102,77,102,102,77,171,171,
171,77,102,102,77,102,102,77,102,102,111,111,102,102,77,171,
171,77,102,102,77,102,77,77,77,77,111,111,77,77,77,171,
171,171,77,77,18,77,77,77,102,102,102,77,102,102,77,171,
171,171,18,18,18,18,97,18,77,102,102,77,102,102,77,171,
171,18,171,97,97,18,18,97,18,77,77,18,77,77,171,171,
171,18,97,171,97,18,18,18,18,97,18,18,18,97,97,171,
171,171,18,18,18,18,171,97,97,18,18,18,18,18,97,97,
171,171,97,97,18,171,97,171,97,18,97,97,97,171,18,97,
171,171,171,171,18,97,171,97,18,97,18,97,171,97,18,171,
171,171,171,171,171,18,18,18,97,97,97,18,18,18,171,171,
155,82,155,155,155,155,155,155,155,155,155,155,155,155,155,155,
155,82,172,172,172,172,172,172,172,172,172,172,172,172,172,172,
155,82,183,110,110,110,183,182,182,182,182,182,101,182,255,255,
155,82,255,182,182,183,183,183,183,183,183,101,255,255,155,82,
155,82,255,182,182,183,183,183,183,110,110,182,255,82,218,218,
155,82,255,110,110,110,183,183,183,110,101,255,155,227,227,227,
155,82,255,110,110,110,183,183,183,110,101,255,82,227,227,227,
155,82,255,182,182,183,183,183,183,183,101,255,82,236,236,236,
155,82,255,182,182,183,183,182,182,182,101,255,155,101,236,236,
155,82,255,110,110,110,183,182,182,182,110,182,255,82,101,101,
155,82,255,110,110,110,183,182,182,182,182,101,255,255,155,82,
155,82,255,182,182,183,183,183,183,183,183,183,101,182,255,255,
155,82,255,182,182,183,183,183,183,110,110,110,110,110,101,101,
155,82,255,110,110,110,183,183,183,110,110,110,110,110,110,183,
155,82,255,110,110,110,183,183,183,110,110,110,110,110,110,183,
155,82,255,182,182,183,183,183,183,183,183,183,183,183,183,183,
155,155,155,155,155,155,155,155,155,155,155,155,155,155,155,155,
172,172,172,172,172,172,172,172,172,172,172,172,172,172,172,172,
255,255,182,101,182,182,182,182,182,182,182,182,101,182,255,255,
82,155,255,255,101,183,183,183,183,183,183,101,255,255,155,82,
218,218,82,255,182,110,110,183,183,110,110,182,255,82,218,218,
227,227,227,155,255,101,110,183,183,110,101,255,155,227,227,227,
227,227,227,82,255,101,110,183,183,110,101,255,82,227,227,227,
236,236,236,82,255,101,183,183,183,183,101,255,82,236,236,236,
236,236,101,155,255,101,182,182,182,182,101,255,155,101,236,236,
101,101,82,255,182,110,182,182,182,182,110,182,255,82,101,101,
82,155,255,255,101,182,182,182,182,182,182,101,255,255,155,82,
255,255,182,101,183,183,183,183,183,183,183,183,101,182,255,255,
101,101,110,110,110,110,110,183,183,110,110,110,110,110,101,101,
183,110,110,110,110,110,110,183,183,110,110,110,110,110,110,183,
82,82,82,82,82,82,82,82,82,82,82,82,82,82,82,82,
82,157,84,157,157,157,157,157,157,157,157,157,157,157,157,157,
155,155,155,155,155,155,155,155,155,155,155,155,155,155,155,155,
172,172,172,172,172,172,172,172,172,172,172,172,172,172,172,172,
255,255,182,101,182,182,182,182,182,182,182,183,182,182,182,182,
82,155,255,255,101,183,183,183,183,183,183,183,183,183,183,183,
218,218,82,255,182,110,110,183,183,110,110,110,110,110,110,183,
227,227,227,155,255,101,110,183,183,110,110,110,110,110,110,183,
227,227,227,82,255,101,110,183,183,110,110,110,110,110,110,183,
236,236,236,82,255,101,183,183,183,183,183,183,183,183,183,183,
236,236,101,155,255,101,182,182,182,182,182,183,182,182,182,182,
101,101,82,255,182,110,182,182,182,182,182,183,182,182,182,182,
82,155,255,255,101,182,182,182,182,182,182,183,182,182,182,182,
255,255,182,101,183,183,183,183,183,183,183,183,183,183,183,183,
101,101,110,110,110,110,110,183,183,110,110,110,110,110,110,183,
183,110,110,110,110,110,110,183,183,110,110,110,110,110,110,183,
82,82,82,82,82,82,82,82,183,110,110,110,110,110,110,183,
157,157,157,157,157,84,157,82,183,183,183,183,183,183,183,183,
155,155,155,155,155,155,155,155,155,155,155,155,155,155,155,155,
172,172,172,172,172,172,172,172,172,172,172,172,172,172,172,172,
182,182,182,182,183,182,182,182,182,182,182,182,183,182,182,182,
183,183,183,183,183,183,183,183,183,183,183,183,183,183,183,183,
183,110,110,110,110,110,110,183,183,110,110,110,110,110,110,183,
183,110,110,110,110,110,110,183,183,110,110,110,110,110,110,183,
183,110,110,110,110,110,110,183,183,110,110,110,110,110,110,183,
183,183,183,183,183,183,183,183,183,183,183,183,183,183,183,183,
182,182,182,182,183,182,182,182,182,182,182,182,183,182,182,182,
182,182,182,182,183,182,182,182,182,182,182,182,183,182,182,182,
182,182,182,182,183,182,182,182,182,182,182,182,183,182,182,182,
183,183,183,183,183,183,183,183,183,183,183,183,183,183,183,183,
183,110,110,110,110,110,110,183,183,110,110,110,110,110,110,183,
183,110,110,110,110,110,110,183,183,110,110,110,110,110,110,183,
183,110,110,110,110,110,110,183,183,110,110,110,110,110,110,183,
82,82,82,82,82,82,82,82,82,82,82,82,82,82,82,82,
155,155,155,155,155,155,155,155,155,155,155,155,155,155,155,155,
172,172,172,172,172,172,172,172,172,172,172,172,172,172,172,172,
182,182,182,182,183,182,182,182,182,182,182,182,101,182,255,255,
183,183,183,183,183,183,183,183,183,183,183,101,255,255,155,82,
183,110,110,110,110,110,110,183,183,110,110,182,255,82,218,218,
183,110,110,110,110,110,110,183,183,110,101,255,155,227,227,227,
183,110,110,110,110,110,110,183,183,110,101,255,82,227,227,227,
183,183,183,183,183,183,183,183,183,183,101,255,82,236,236,236,
182,182,182,182,183,182,182,182,182,182,101,255,155,101,236,236,
182,182,182,182,183,182,182,182,182,182,110,182,255,82,101,101,
182,182,182,182,183,182,182,182,182,182,182,101,255,255,155,82,
183,183,183,183,183,183,183,183,183,183,183,183,101,182,255,255,
183,110,110,110,110,110,110,183,183,110,110,110,110,110,101,101,
183,110,110,110,110,110,110,183,183,110,110,110,110,110,110,183,
183,110,110,110,110,110,110,183,82,82,82,82,82,82,82,82,
183,183,183,183,183,183,183,183,82,157,84,157,157,157,157,157,
155,155,155,155,155,155,155,155,155,155,155,155,155,155,155,155,
172,172,172,172,172,172,172,172,172,172,172,172,172,172,172,172,
255,255,182,101,182,182,182,182,182,182,182,182,101,182,255,255,
82,155,255,255,101,183,183,183,183,183,183,101,255,255,155,82,
218,218,82,255,182,110,110,183,183,110,110,182,255,82,218,218,
227,227,227,155,255,101,110,183,183,110,101,255,155,227,227,227,
227,227,227,82,255,101,110,183,183,110,101,255,82,227,227,227,
236,236,236,82,255,101,183,183,183,183,101,255,82,236,236,236,
236,236,101,155,255,101,182,182,182,182,101,255,155,101,236,236,
101,101,82,255,182,110,182,182,182,182,110,182,255,82,101,101,
82,155,255,255,101,182,182,182,182,182,182,101,255,255,155,82,
255,255,182,101,183,183,183,183,183,183,183,183,101,182,255,255,
101,101,110,110,110,110,110,183,183,110,110,110,110,110,101,101,
183,110,110,110,110,110,110,183,183,110,110,110,110,110,110,183,
82,82,82,82,82,82,82,82,82,82,82,82,82,82,82,82,
157,157,157,157,157,157,157,157,157,157,157,157,157,84,157,82,
155,155,155,155,155,155,155,155,155,155,155,155,155,155,82,155,
172,172,172,172,172,172,172,172,172,172,172,172,172,155,82,155,
255,255,182,101,182,182,182,182,182,183,110,110,110,155,82,155,
82,155,255,255,101,183,183,183,183,183,183,182,110,155,82,155,
218,218,82,255,182,110,110,183,183,183,183,182,110,155,82,155,
227,227,227,155,255,101,110,183,183,183,110,110,110,155,82,155,
227,227,227,82,255,101,110,183,183,183,110,110,110,155,82,155,
236,236,236,82,255,101,183,183,183,183,183,182,110,155,82,155,
236,236,101,155,255,101,182,182,182,183,183,182,110,155,82,155,
101,101,82,255,182,110,182,182,182,183,110,110,110,155,82,155,
82,155,255,255,101,182,182,182,182,183,110,110,110,155,82,155,
255,255,182,101,183,183,183,183,183,183,183,182,110,155,82,155,
101,101,110,110,110,110,110,183,183,183,183,182,110,155,82,155,
183,110,110,110,110,110,110,183,183,183,110,110,110,155,82,155,
183,110,110,110,110,110,110,183,183,183,110,110,110,155,82,155,
183,183,183,183,183,183,183,183,183,183,183,182,110,155,82,155,
171,171,171,171,171,171,171,171,171,171,171,171,171,171,171,171,
171,171,171,171,171,171,171,171,171,171,171,171,171,171,171,171,
171,171,171,171,171,171,171,171,171,171,171,171,171,171,171,171,
171,171,171,171,171,170,171,171,171,171,171,171,171,171,171,171,
171,171,170,171,171,170,171,171,170,171,171,171,171,171,171,171,
171,171,171,170,171,171,171,170,171,171,171,171,171,171,171,171,
171,171,171,171,171,171,171,171,171,171,171,171,171,171,171,171,
171,171,171,171,171,171,171,171,171,171,171,171,171,171,171,171,
171,171,171,171,171,171,171,171,171,171,171,171,171,171,171,171,
171,171,171,171,171,171,171,171,171,171,171,180,171,171,171,171,
171,171,171,171,171,171,171,171,180,171,171,180,171,171,180,171,
171,171,171,171,171,171,171,171,171,180,171,171,171,180,171,171,
171,171,171,171,171,171,171,171,171,171,171,171,171,171,171,171,
171,171,171,171,171,171,171,171,171,171,171,171,171,171,171,171,
171,171,171,171,171,171,171,171,171,171,171,171,171,171,171,171,
171,171,171,171,171,171,171,171,171,171,171,171,171,171,171,171,
155,82,255,182,182,183,183,182,182,182,182,182,183,182,182,182,
155,82,255,110,110,110,183,182,182,182,182,182,183,182,182,182,
155,82,255,110,110,110,183,182,182,182,182,182,183,182,182,182,
155,82,255,182,182,183,183,183,183,183,183,183,183,183,183,183,
155,82,255,182,182,183,183,183,183,110,110,110,110,110,110,183,
155,82,255,110,110,110,183,183,183,110,110,110,110,110,110,183,
155,82,255,110,110,110,183,183,183,110,110,110,110,110,110,183,
155,82,255,182,182,183,183,183,183,183,183,183,183,183,183,183,
155,82,255,182,182,183,183,182,182,182,182,182,183,182,182,182,
155,82,255,110,110,110,183,182,182,182,182,182,183,182,182,182,
155,82,255,110,110,110,183,182,182,182,182,182,183,182,182,182,
155,82,255,237,237,237,237,237,237,237,237,237,237,237,237,237,
155,82,255,237,237,237,237,237,237,237,237,237,237,237,237,237,
155,82,255,237,237,237,237,237,237,237,237,237,237,237,237,237,
155,155,82,82,82,82,82,82,82,82,82,82,82,82,82,82,
155,155,155,155,155,155,155,155,155,155,155,155,155,155,155,155,
82,157,84,157,157,157,157,157,157,157,157,157,157,157,157,157,
82,84,84,84,84,84,84,84,84,84,84,84,84,84,84,84,
82,82,82,82,82,82,82,82,82,82,82,82,82,82,82,82,
183,82,218,218,218,218,218,218,218,218,218,82,82,218,218,218,
183,82,227,227,227,227,227,227,227,227,227,82,82,227,227,227,
183,82,227,227,227,227,227,227,227,227,227,82,82,227,227,227,
183,82,236,236,236,236,236,236,236,236,236,82,82,236,236,236,
183,82,236,236,236,236,236,236,236,236,236,82,82,236,236,236,
182,82,101,101,101,101,101,101,101,101,101,82,82,101,101,101,
182,82,82,82,82,82,82,82,82,82,82,82,82,82,82,82,
182,255,255,255,255,255,255,255,255,255,255,255,255,255,255,255,
237,237,237,237,237,237,237,237,237,237,237,237,237,237,237,237,
237,237,237,237,237,237,237,237,237,237,237,237,237,237,237,237,
237,237,237,237,237,237,237,237,237,237,237,237,237,237,237,237,
82,82,82,82,82,82,82,82,82,82,82,82,82,82,82,82,
155,155,155,155,155,155,155,155,155,155,155,155,155,155,155,155,
157,157,157,157,157,84,157,82,182,182,182,183,182,182,182,182,
84,84,84,84,84,84,84,82,182,182,182,183,182,182,182,182,
82,82,82,82,82,82,82,82,182,182,182,183,182,182,182,182,
218,218,218,218,218,218,82,183,183,183,183,183,183,183,183,183,
227,227,227,227,227,227,82,183,183,110,110,110,110,110,110,183,
227,227,227,227,227,227,82,183,183,110,110,110,110,110,110,183,
236,236,236,236,236,236,82,183,183,110,110,110,110,110,110,183,
236,236,236,236,236,236,82,183,183,183,183,183,183,183,183,183,
101,101,101,101,101,101,82,182,182,182,182,183,182,182,182,182,
82,82,82,82,82,82,82,182,182,182,182,183,182,182,182,182,
255,255,255,255,255,255,255,182,182,182,182,183,182,182,182,182,
237,237,237,237,237,237,237,237,237,237,237,237,237,237,237,237,
237,237,237,237,237,237,237,237,237,237,237,237,237,237,237,237,
237,237,237,237,237,237,237,237,237,237,237,237,237,237,237,237,
82,82,82,82,82,82,82,82,82,82,82,82,82,82,82,82,
155,155,155,155,155,155,155,155,155,155,155,155,155,155,155,155,
82,155,155,155,155,155,155,155,155,155,155,155,155,155,155,82,
82,155,155,155,155,82,82,82,82,82,82,155,155,155,155,82,
82,105,170,170,82,227,227,227,227,227,227,82,170,170,170,82,
82,105,170,82,227,227,227,227,227,227,227,227,82,170,170,82,
82,105,170,82,227,227,227,227,227,227,227,227,82,170,170,82,
82,105,170,82,227,227,227,227,227,227,227,227,82,170,170,82,
82,105,170,82,236,236,236,236,236,236,236,236,82,170,170,82,
82,105,170,170,82,236,236,236,236,236,236,82,170,170,170,82,
82,82,82,170,170,82,82,82,82,82,82,170,170,170,170,82,
82,255,237,82,170,170,170,170,170,170,170,170,170,170,170,82,
82,237,237,82,105,105,105,105,105,105,105,105,105,105,105,82,
82,82,82,105,105,105,105,105,105,105,105,105,105,105,105,82,
82,105,105,105,105,105,105,105,105,105,105,105,105,105,105,82,
82,82,82,82,82,82,82,82,82,82,82,82,82,82,82,82,
82,155,155,155,155,155,155,155,155,155,155,155,155,155,155,82,
155,155,155,155,155,155,155,155,155,155,155,155,155,155,155,155,
182,182,182,182,183,182,182,182,82,157,84,157,157,157,157,157,
182,182,182,182,183,182,182,182,82,84,84,84,84,84,84,84,
182,182,182,182,183,182,182,182,82,82,82,82,82,82,82,82,
183,183,183,183,183,183,183,183,183,82,218,218,218,218,218,218,
183,110,110,110,110,110,110,183,183,82,227,227,227,227,227,227,
183,110,110,110,110,110,110,183,183,82,227,227,227,227,227,227,
183,110,110,110,110,110,110,183,183,82,236,236,236,236,236,236,
183,183,183,183,183,183,183,183,183,82,236,236,236,236,236,236,
182,182,182,182,183,182,182,182,182,82,101,101,101,101,101,101,
182,182,182,182,183,182,182,182,182,82,82,82,82,82,82,82,
182,182,182,182,183,182,182,182,182,255,255,255,255,255,255,255,
237,237,237,237,237,237,237,237,237,237,237,237,237,237,237,237,
237,237,237,237,237,237,237,237,237,237,237,237,237,237,237,237,
237,237,237,237,237,237,237,237,237,237,237,237,237,237,237,237,
82,82,82,82,82,82,82,82,82,82,82,82,82,82,82,82,
155,155,155,155,155,155,155,155,155,155,155,155,155,155,155,155,
157,157,157,157,157,157,157,157,157,157,157,157,157,84,157,82,
84,84,84,84,84,84,84,84,84,84,84,84,84,84,84,82,
82,82,82,82,82,82,82,82,82,82,82,82,82,82,82,82,
218,218,218,82,82,218,218,218,218,218,218,218,218,218,82,183,
227,227,227,82,82,227,227,227,227,227,227,227,227,227,82,183,
227,227,227,82,82,227,227,227,227,227,227,227,227,227,82,183,
236,236,236,82,82,236,236,236,236,236,236,236,236,236,82,183,
236,236,236,82,82,236,236,236,236,236,236,236,236,236,82,183,
101,101,101,82,82,101,101,101,101,101,101,101,101,101,82,182,
82,82,82,82,82,82,82,82,82,82,82,82,82,82,82,182,
255,255,255,255,255,255,255,255,255,255,255,255,255,255,255,182,
237,237,237,237,237,237,237,237,237,237,237,237,237,237,237,237,
237,237,237,237,237,237,237,237,237,237,237,237,237,237,237,237,
237,237,237,237,237,237,237,237,237,237,237,237,237,237,237,237,
82,82,82,82,82,82,82,82,82,82,82,82,82,82,82,82,
155,155,155,155,155,155,155,155,155,155,155,155,155,155,155,155,
182,182,182,182,183,182,182,182,182,183,183,182,110,155,82,155,
182,182,182,182,183,182,182,182,182,183,110,110,110,155,82,155,
182,182,182,182,183,182,182,182,182,183,110,110,110,155,82,155,
183,183,183,183,183,183,183,183,183,183,183,182,110,155,82,155,
183,110,110,110,110,110,110,183,183,183,183,182,110,155,82,155,
183,110,110,110,110,110,110,183,183,183,110,110,110,155,82,155,
183,110,110,110,110,110,110,183,183,183,110,110,110,155,82,155,
183,183,183,183,183,183,183,183,183,183,183,182,110,155,82,155,
182,182,182,182,183,182,182,182,182,183,183,182,110,155,82,155,
182,182,182,182,183,182,182,182,182,183,110,110,110,155,82,155,
182,182,182,182,183,182,182,182,182,183,110,110,110,155,82,155,
237,237,237,237,237,237,237,237,237,237,237,237,237,155,82,155,
237,237,237,237,237,237,237,237,237,237,237,237,237,155,82,155,
237,237,237,237,237,237,237,237,237,237,237,237,237,155,82,155,
82,82,82,82,82,82,82,82,82,82,82,82,82,82,155,155,
155,155,155,155,155,155,155,155,155,155,155,155,155,155,155,155,
171,171,171,171,171,171,171,82,82,171,171,171,171,171,171,171,
171,171,82,82,82,82,82,182,182,82,82,82,82,82,171,171,
171,83,182,182,182,182,165,182,182,165,182,182,182,182,82,171,
171,83,182,182,182,182,182,165,165,182,182,182,182,182,82,171,
171,83,165,165,165,165,165,165,165,165,165,165,165,165,82,171,
171,83,165,174,174,174,174,174,174,174,174,174,174,165,82,171,
171,83,165,83,174,83,174,174,174,174,83,174,83,165,82,171,
171,83,165,83,83,174,83,165,165,83,174,83,83,165,82,171,
171,83,165,174,174,174,174,174,174,174,174,174,174,165,82,171,
171,83,165,174,165,165,174,165,174,165,165,165,174,165,82,171,
171,83,165,174,174,174,174,174,174,174,174,174,174,165,82,171,
171,171,82,82,82,82,82,82,82,82,82,82,82,82,171,171,
171,171,171,171,155,155,83,165,165,82,155,155,171,171,171,171,
171,171,171,155,155,155,83,182,165,82,155,155,155,171,171,171,
171,171,171,155,155,155,155,82,82,155,155,155,155,171,171,171,
171,171,171,171,155,155,155,155,155,155,155,155,171,171,171,171,
171,171,171,171,171,171,171,171,171,171,171,171,171,171,171,171,
171,171,171,171,171,171,171,171,171,171,171,171,171,171,171,171,
171,171,171,171,171,171,171,171,171,171,171,171,171,171,171,171,
171,171,171,171,171,171,171,171,171,171,171,171,171,171,171,171,
171,171,171,171,171,171,171,171,171,171,171,171,171,171,171,171,
171,171,171,171,171,171,170,171,171,171,171,171,171,171,171,171,
171,171,171,170,171,171,170,171,171,170,171,171,171,171,171,171,
171,171,171,171,170,171,171,171,170,171,171,171,171,171,171,171,
171,171,171,171,171,171,171,171,171,171,171,171,171,171,171,171,
171,171,171,171,171,171,171,171,171,171,171,171,171,171,171,171,
171,171,171,171,171,171,171,171,171,171,171,171,171,171,171,171,
171,171,171,171,171,171,171,171,171,171,171,171,171,171,171,171,
171,171,171,171,171,171,171,171,171,171,171,171,171,171,171,171,
171,171,171,171,171,171,171,171,171,171,171,171,171,171,171,171,
171,171,171,171,171,171,171,171,171,171,171,171,171,171,171,171,
171,171,171,171,171,171,171,171,171,171,171,171,171,171,171,171,
171,171,180,180,180,181,181,181,181,181,181,181,181,181,181,181,
171,180,180,180,181,181,181,181,181,181,181,181,181,181,181,181,
180,180,180,180,181,181,181,181,181,181,254,181,181,181,181,181,
180,180,180,181,181,181,181,181,181,181,181,181,181,181,181,181,
180,181,181,181,181,181,181,181,181,181,181,181,181,181,254,181,
181,181,181,181,181,181,181,181,181,181,181,181,181,181,181,181,
181,181,181,181,181,181,181,181,181,181,181,181,181,181,181,181,
181,181,181,181,181,181,181,181,181,181,181,181,181,254,181,181,
181,181,181,181,181,181,181,181,181,181,181,181,181,181,181,181,
181,181,181,181,181,181,181,181,181,181,181,181,181,181,181,181,
181,181,254,181,181,181,181,181,181,180,181,181,181,181,181,181,
181,181,181,181,181,181,181,181,181,181,181,181,181,180,181,181,
181,181,181,181,181,181,254,181,181,181,181,181,181,181,181,181,
181,181,181,181,181,181,181,181,181,181,181,181,181,181,181,181,
181,181,181,181,181,181,181,181,181,181,180,181,181,181,181,181,
181,181,181,181,181,254,181,181,181,181,181,181,181,181,181,181,
171,171,180,180,180,180,180,181,181,181,181,181,181,181,181,181,
171,171,171,180,180,180,180,180,181,181,181,181,181,181,181,181,
171,171,171,180,180,180,180,180,181,181,180,180,180,180,181,181,
171,171,171,180,180,180,180,180,180,180,180,180,180,180,180,180,
171,171,171,171,180,180,180,180,180,180,180,180,180,180,180,180,
171,171,171,171,171,171,180,180,180,180,180,180,180,180,180,180,
171,171,171,171,171,171,171,171,171,171,180,180,180,180,171,171,
171,171,171,171,171,171,171,171,171,171,171,171,171,171,171,171,
171,171,171,171,171,171,171,171,171,171,171,171,171,171,171,171,
171,171,171,171,171,171,171,171,171,171,171,171,171,171,171,171,
171,171,171,171,171,171,171,171,171,171,171,171,171,171,171,171,
171,171,171,171,171,171,171,171,171,171,171,171,171,171,171,171,
171,171,171,171,171,171,171,171,171,171,171,171,171,171,171,171,
171,171,171,171,171,171,171,171,171,171,171,171,171,171,171,171,
171,171,171,171,171,171,171,171,171,171,171,171,171,171,171,171,
171,171,171,171,171,171,171,171,171,171,171,171,171,171,171,171,
181,181,181,181,181,181,181,181,181,181,181,181,181,181,181,181,
181,181,181,181,181,181,181,181,181,181,180,180,180,181,181,181,
181,181,180,180,180,180,181,181,180,180,180,180,180,180,180,181,
180,180,180,180,180,180,180,180,180,180,180,180,180,180,180,180,
180,180,180,180,180,180,180,180,180,180,180,180,180,180,180,180,
180,180,180,180,180,180,180,180,180,180,171,171,171,180,180,180,
171,171,180,180,180,180,171,171,171,171,171,171,171,171,171,171,
171,171,171,171,171,171,171,171,171,171,171,171,171,171,171,171,
171,171,171,171,171,171,171,171,171,171,171,171,171,171,171,171,
171,171,171,171,171,171,171,171,171,171,171,171,171,171,171,171,
171,171,171,171,171,171,171,171,171,171,171,171,171,171,171,171,
171,171,171,171,171,171,171,171,171,171,171,171,171,171,171,171,
171,171,171,171,171,171,171,171,171,171,171,171,171,171,171,171,
171,171,171,171,170,171,171,171,171,171,171,171,171,171,171,171,
171,170,171,171,170,171,171,170,171,171,171,171,171,171,171,171,
171,171,170,171,171,171,170,171,171,171,171,171,171,171,171,171,
181,181,181,180,180,180,171,171,171,171,171,171,171,171,171,171,
181,181,181,180,180,180,171,171,171,171,171,171,171,171,171,171,
181,181,180,180,180,180,180,171,171,171,171,171,171,171,171,171,
180,180,180,180,180,180,180,171,171,171,171,171,171,171,171,171,
180,180,180,180,180,180,180,171,171,171,171,171,171,171,171,171,
180,180,180,180,180,180,180,171,171,171,171,171,171,171,171,171,
171,171,171,180,180,180,171,171,171,171,171,171,171,171,171,171,
171,171,171,180,180,180,171,171,171,171,171,171,171,171,171,171,
171,171,171,180,180,180,171,171,171,171,171,171,171,171,171,171,
171,171,171,171,180,180,180,171,171,171,180,180,180,180,171,171,
171,171,171,171,180,180,180,180,180,180,180,180,180,180,180,180,
171,171,171,171,171,180,180,180,180,180,180,180,180,180,180,180,
171,171,171,171,171,171,171,180,180,180,180,180,180,180,180,180,
171,171,171,171,171,171,171,171,171,171,180,180,180,180,171,171,
171,171,171,171,171,171,171,171,171,171,171,171,171,171,171,171,
171,171,171,171,171,171,171,171,171,171,171,171,171,171,171,171,
171,171,171,171,171,171,171,171,171,171,171,171,171,171,171,171,
171,171,171,171,171,171,171,171,171,171,171,180,171,171,171,171,
171,171,155,155,155,155,171,171,180,171,155,155,155,155,180,171,
171,155,173,255,255,173,155,171,171,155,173,255,255,173,155,171,
171,155,255,255,255,255,155,171,171,155,255,255,255,255,155,171,
171,155,245,164,164,245,155,171,171,155,245,164,164,245,155,171,
155,82,164,164,164,164,82,155,155,82,164,164,164,164,82,155,
255,82,164,164,164,164,82,255,255,82,164,164,164,164,82,255,
155,82,164,164,164,164,82,155,155,82,164,164,164,164,82,155,
82,82,164,164,164,164,82,82,82,82,164,164,164,164,82,82,
180,82,164,164,164,164,82,180,180,82,164,164,164,164,82,180,
180,82,164,164,164,164,82,180,180,82,164,164,164,164,82,180,
180,82,82,82,82,82,82,180,180,82,82,82,82,82,82,180,
180,155,155,155,155,155,155,155,171,155,155,155,155,155,155,155,
171,171,180,155,155,155,155,155,171,171,171,155,155,155,155,155,
171,171,171,171,171,155,155,155,171,171,171,171,171,155,155,155,
171,171,171,171,171,171,171,171,171,171,180,180,180,181,181,181,
171,171,171,171,171,171,171,171,171,171,180,180,180,181,181,181,
171,171,171,171,171,171,171,171,171,180,180,180,180,180,181,181,
171,171,171,171,171,171,171,171,171,180,180,180,180,180,180,180,
171,171,171,171,171,171,171,171,171,180,180,180,180,180,180,180,
171,171,171,171,171,171,171,171,171,180,180,180,180,180,180,180,
171,171,171,171,171,171,171,171,171,171,180,180,180,171,171,171,
171,171,171,171,171,171,171,171,171,171,180,180,180,171,171,171,
171,171,171,171,171,171,171,171,171,171,180,180,180,171,171,171,
171,171,180,180,180,180,171,171,171,180,180,180,171,171,171,171,
180,180,180,180,180,180,180,180,180,180,180,180,171,171,171,171,
180,180,180,180,180,180,180,180,180,180,180,171,171,171,171,171,
180,180,180,180,180,180,180,180,180,171,171,171,171,171,171,171,
171,171,180,180,180,180,171,171,171,171,171,171,171,171,171,171,
171,171,171,171,171,171,171,171,171,171,171,171,171,171,171,171,
171,171,171,171,171,171,171,171,171,171,171,171,171,171,171,171,
181,180,180,180,180,180,171,171,171,171,171,171,171,171,171,171,
180,180,180,180,180,171,171,171,171,171,171,180,171,171,171,171,
180,180,180,180,180,171,171,171,180,171,171,180,171,171,180,171,
180,180,180,180,180,171,171,171,171,180,171,171,171,180,171,171,
180,180,180,180,171,171,171,171,171,171,171,171,171,171,171,171,
180,180,171,171,171,171,171,171,171,171,171,171,171,171,171,171,
171,171,171,171,171,171,171,171,171,171,171,171,171,171,171,171,
171,171,171,171,171,171,171,171,171,171,171,171,171,171,171,171,
171,171,171,171,171,171,171,171,171,171,171,171,171,171,171,171,
171,171,171,171,171,171,171,171,171,171,171,171,171,171,171,171,
171,171,171,171,171,171,171,171,171,171,171,171,171,171,171,171,
171,171,171,171,171,171,171,171,171,171,171,171,171,171,171,171,
171,171,171,171,171,171,171,171,171,171,171,171,171,171,171,171,
171,171,171,171,171,171,171,171,171,171,171,171,170,171,171,171,
171,171,171,171,171,171,171,171,171,170,171,171,170,171,171,170,
171,171,171,171,171,171,171,171,171,171,170,171,171,171,170,171,
171,171,171,171,171,171,171,171,171,171,171,171,171,171,171,171,
171,171,171,170,171,171,171,171,171,171,171,171,171,171,171,171,
170,171,171,170,171,171,170,171,171,171,171,171,171,171,171,171,
171,170,171,171,171,170,171,171,171,171,171,171,171,171,171,18,
171,171,171,171,171,171,171,171,171,171,171,171,171,171,18,189,
171,171,171,171,171,171,171,171,171,171,171,171,180,171,98,189,
171,171,171,171,171,171,171,171,171,180,171,171,180,18,116,189,
171,171,171,171,171,171,171,171,171,171,180,98,98,98,189,189,
171,171,171,171,171,171,171,171,171,98,98,189,189,116,189,189,
171,171,171,171,171,171,171,171,171,98,116,116,189,116,189,189,
171,171,171,171,171,171,171,171,171,98,189,189,116,189,189,189,
171,171,171,171,171,171,98,98,116,189,116,116,189,189,189,189,
171,171,171,171,171,171,98,116,98,98,116,189,189,189,189,189,
171,171,171,171,171,18,189,189,98,116,189,189,189,189,189,189,
171,171,171,171,171,171,98,98,116,189,189,116,189,189,189,189,
171,171,171,171,18,116,189,189,98,189,98,189,189,189,189,189,
171,171,171,171,171,171,171,171,171,171,171,171,171,171,171,171,
171,171,171,171,171,171,171,171,171,171,180,171,171,171,171,171,
171,171,171,171,171,171,171,180,171,171,180,171,171,180,171,171,
18,171,171,171,171,171,171,171,180,171,171,171,180,171,171,171,
189,18,171,171,171,171,171,171,171,171,171,171,171,171,171,171,
189,98,171,171,171,171,171,171,171,171,171,171,171,171,171,171,
189,116,18,171,171,171,171,171,171,171,171,171,171,171,171,171,
189,116,98,98,98,171,171,171,171,171,171,171,171,171,171,171,
189,116,116,189,189,98,98,171,171,171,171,171,171,171,171,171,
189,116,116,116,116,116,98,171,171,171,171,171,171,171,171,171,
189,116,189,116,116,189,98,171,171,171,171,171,171,171,171,171,
189,189,189,189,189,116,189,116,98,98,171,171,171,171,171,171,
189,189,189,189,116,189,98,98,116,98,171,171,171,171,171,171,
189,189,189,116,189,116,116,98,189,189,18,171,171,171,171,171,
189,189,189,189,116,189,189,116,98,98,171,171,171,171,171,171,
189,189,189,116,189,98,189,98,189,189,116,18,171,171,171,171,
171,171,180,180,180,181,181,181,181,181,181,181,181,181,181,181,
171,180,180,180,181,181,181,181,181,181,181,181,181,181,181,181,
180,180,180,180,181,181,181,181,181,180,181,181,181,181,181,181,
180,180,180,181,181,181,181,181,181,181,181,181,181,180,181,181,
180,181,181,181,181,181,181,181,181,181,181,181,181,181,181,181,
181,181,181,181,181,181,181,181,181,181,181,181,181,181,181,181,
181,181,181,181,181,181,181,181,181,181,180,181,181,181,181,181,
181,181,181,181,181,181,181,181,181,181,181,181,181,181,181,181,
181,181,181,181,181,181,181,181,181,181,181,181,181,181,181,181,
181,181,181,181,181,181,181,181,181,181,181,181,181,181,181,181,
181,180,181,181,181,181,181,181,181,181,254,181,181,181,181,181,
181,181,181,181,181,180,181,181,181,181,181,181,181,181,181,181,
181,181,181,181,181,181,181,181,181,181,181,181,181,181,254,181,
181,181,181,181,181,181,181,181,181,181,181,181,181,181,181,181,
181,181,180,181,181,181,181,181,181,181,181,181,181,181,181,181,
181,181,181,181,181,181,181,181,181,181,181,181,181,254,181,181,
181,181,181,181,181,181,181,181,181,181,181,180,180,180,171,171,
181,181,181,181,181,181,181,181,181,181,181,181,180,180,180,171,
181,181,254,181,181,181,181,181,181,181,181,181,180,180,180,180,
181,181,181,181,181,181,181,181,181,181,181,181,181,180,180,180,
181,181,181,181,181,181,254,181,181,181,181,181,181,181,181,180,
181,181,181,181,181,181,181,181,181,181,181,181,181,181,181,181,
181,181,181,181,181,181,181,181,181,181,181,181,181,181,181,181,
181,181,181,181,181,254,181,181,181,181,181,181,181,181,181,181,
181,181,181,181,181,181,181,181,181,181,181,181,181,181,181,181,
181,181,181,181,181,181,181,181,181,181,181,181,181,181,181,181,
181,180,181,181,181,181,181,181,181,181,254,181,181,181,181,181,
181,181,181,181,181,180,181,181,181,181,181,181,181,181,181,181,
181,181,181,181,181,181,181,181,181,181,181,181,181,181,254,181,
181,181,181,181,181,181,181,181,181,181,181,181,181,181,181,181,
181,181,180,181,181,181,181,181,181,181,181,181,181,181,181,181,
181,181,181,181,181,181,181,181,181,181,181,181,181,254,181,181,


