tiles_intro: .word 16, 272
.byte 245,245,245,245,245,245,245,245,245,245,245,245,245,245,245,245,
254,254,254,254,254,254,254,254,254,254,254,254,254,254,254,254,
254,254,254,254,254,254,254,254,254,254,254,254,254,254,254,254,
254,254,254,254,254,254,254,254,254,254,254,254,254,254,254,254,
245,245,245,245,245,245,245,245,245,245,245,245,245,245,245,245,
254,254,254,254,254,254,254,254,254,254,254,254,254,254,254,254,
254,254,254,254,254,254,254,254,254,254,254,254,254,254,254,254,
254,254,254,254,254,254,254,254,254,254,254,254,254,254,254,254,
245,245,245,245,245,245,245,245,245,245,245,245,245,245,245,245,
254,254,254,254,254,254,254,254,254,254,254,254,254,254,254,254,
254,254,254,254,254,254,254,254,254,254,254,254,254,254,254,254,
254,254,254,254,254,254,254,254,254,254,254,254,254,254,254,254,
245,245,245,245,245,245,245,245,245,245,245,245,245,245,245,245,
254,254,254,254,254,254,254,254,254,254,254,254,254,254,254,254,
254,254,254,254,254,254,254,254,254,254,254,254,254,254,254,254,
254,254,254,254,254,254,254,254,254,254,254,254,254,254,254,254,
245,245,245,245,245,245,245,245,245,245,245,245,245,245,245,245,
254,254,254,254,254,254,254,254,254,254,254,254,254,254,254,254,
254,254,254,254,254,254,254,254,254,254,254,254,254,254,254,254,
245,245,245,245,245,245,245,245,245,245,245,245,245,245,245,245,
254,254,254,254,254,254,254,254,254,254,254,254,254,254,254,254,
245,245,245,245,245,245,245,245,245,245,245,245,245,245,245,245,
254,254,254,254,254,254,254,254,254,254,254,254,254,254,254,254,
254,254,254,254,254,254,254,254,254,254,254,254,254,254,254,254,
254,254,254,254,254,254,254,254,254,254,254,254,254,254,254,254,
254,254,254,254,254,254,254,254,254,254,254,254,254,254,254,254,
254,254,254,254,254,254,254,254,254,254,254,254,254,254,254,254,
254,254,254,254,254,254,254,254,254,254,254,254,254,254,254,254,
254,254,254,254,254,254,254,254,254,254,254,254,254,254,254,254,
254,254,254,254,254,254,254,254,254,254,254,254,254,254,254,254,
254,254,254,254,254,254,254,254,254,254,254,254,254,254,254,254,
254,254,254,254,254,254,254,254,254,254,254,254,254,254,254,254,
254,254,254,254,254,254,254,254,254,254,254,254,254,254,254,254,
254,254,254,254,254,254,254,254,254,254,254,254,254,254,254,254,
254,254,254,254,254,254,254,254,254,254,254,254,254,254,254,254,
254,254,254,254,254,254,254,254,254,254,254,254,254,254,254,254,
254,254,254,254,254,254,254,254,254,254,254,254,254,254,254,254,
254,254,254,254,254,254,254,254,254,254,254,254,254,254,254,254,
254,254,254,254,254,254,254,254,254,254,254,254,254,254,254,254,
254,254,254,254,254,254,254,254,254,254,254,254,254,254,254,254,
254,254,254,254,254,254,254,254,254,254,254,254,254,254,254,254,
254,254,254,254,254,254,254,254,254,254,254,254,254,254,254,254,
254,254,254,254,254,254,254,254,254,254,254,254,254,254,254,254,
254,254,254,254,254,254,254,254,254,254,254,254,254,254,254,254,
254,254,254,254,254,254,254,254,254,254,254,254,254,254,254,254,
254,254,254,254,254,254,254,254,254,254,254,254,254,254,254,254,
254,254,254,254,254,254,254,254,254,254,254,254,254,254,254,254,
254,254,254,254,254,254,254,254,254,254,254,254,254,254,254,254,
254,254,254,254,254,254,254,254,254,254,254,254,254,254,254,254,
254,254,254,254,254,254,254,254,254,254,254,254,254,254,254,254,
254,254,254,254,254,254,254,254,254,254,254,254,254,254,254,254,
254,254,254,254,254,254,254,254,254,254,254,254,254,254,254,254,
245,245,245,245,245,245,245,245,245,245,245,245,245,245,245,245,
245,245,245,245,245,245,245,245,245,245,245,245,245,245,245,245,
163,163,163,163,163,163,163,163,163,163,163,163,163,163,163,163,
163,163,163,163,163,163,163,163,163,163,163,163,163,163,163,163,
162,162,162,162,162,162,162,162,162,162,162,162,162,162,162,162,
162,162,162,162,162,162,162,162,162,162,162,162,162,162,162,162,
162,162,162,162,162,162,162,162,162,162,162,162,162,162,162,162,
162,162,162,162,162,162,162,162,162,162,162,162,162,162,162,162,
162,162,162,162,162,162,162,162,162,162,162,162,162,162,162,162,
162,162,162,162,162,162,162,162,162,162,162,162,162,162,162,162,
162,162,162,162,162,162,162,162,162,162,162,162,162,162,162,162,
162,162,162,162,162,162,162,162,162,162,162,162,162,162,162,162,
162,162,162,162,162,162,162,162,162,162,162,162,162,162,162,162,
162,162,162,162,162,162,162,162,162,162,162,162,162,162,162,162,
162,162,162,162,162,162,162,162,162,162,162,162,162,162,162,162,
162,162,162,162,162,162,162,162,162,162,162,162,162,162,162,162,
162,162,162,162,162,162,162,162,162,162,162,162,162,162,162,162,
162,162,162,162,162,162,162,162,162,162,162,162,162,162,162,162,
162,162,162,162,162,162,162,162,162,162,162,162,162,162,162,162,
162,162,162,162,162,162,162,162,162,162,162,162,162,162,162,162,
162,162,162,162,162,162,162,162,162,162,162,162,162,162,162,162,
162,162,162,162,162,162,162,162,162,162,162,162,162,162,162,162,
162,162,162,162,162,162,162,162,162,162,162,162,162,162,162,162,
162,162,162,162,162,162,162,162,162,162,162,162,162,162,162,162,
162,162,162,162,162,162,162,162,162,162,162,162,162,162,162,162,
162,162,162,162,162,162,162,162,162,162,162,162,162,162,162,162,
162,162,162,162,162,162,162,162,162,162,162,162,162,162,162,162,
162,162,162,162,162,162,162,162,162,162,162,162,162,162,162,162,
162,162,162,162,162,162,162,162,162,162,162,162,162,162,162,162,
162,162,162,162,162,162,162,162,162,162,162,162,162,162,162,162,
162,162,162,162,162,162,162,162,162,162,162,162,162,162,162,162,
162,162,162,162,162,162,162,162,162,162,162,162,162,162,162,162,
162,162,162,162,162,162,162,162,162,162,162,162,162,162,162,162,
162,162,162,162,162,162,162,162,162,162,162,162,162,162,162,162,
162,162,162,162,162,162,162,162,162,162,162,162,162,162,162,162,
162,162,162,162,162,162,162,162,162,162,162,162,162,162,162,162,
162,162,162,162,162,162,162,162,162,162,162,162,162,162,162,162,
162,162,162,162,162,162,162,162,162,162,162,162,162,162,162,162,
162,162,162,162,162,162,162,162,162,162,162,162,162,162,172,172,
162,162,162,162,162,162,162,162,162,162,162,171,172,172,172,172,
162,162,162,162,162,162,162,162,162,171,172,172,172,172,172,181,
162,162,162,162,162,162,162,162,172,172,172,172,181,245,245,245,
162,162,162,162,162,162,171,172,172,172,172,245,245,245,245,245,
162,162,162,162,162,171,172,172,172,181,245,245,245,245,245,245,
162,162,162,162,162,162,162,162,162,162,162,162,162,162,162,162,
162,162,162,162,162,162,162,162,162,162,162,162,162,162,162,162,
162,162,162,162,162,162,162,162,162,162,162,162,162,162,162,162,
162,162,162,162,162,162,162,162,162,162,162,162,162,162,162,162,
162,162,162,162,162,162,162,162,162,162,162,162,162,162,162,162,
162,162,162,162,162,162,162,162,162,162,162,162,162,162,162,162,
162,162,162,162,162,162,162,162,162,162,162,162,162,162,162,162,
162,162,162,162,162,162,162,162,162,162,172,172,172,172,172,172,
162,162,162,162,162,162,172,172,172,172,172,172,172,172,172,172,
162,162,172,172,172,172,172,172,172,172,172,172,181,245,245,245,
172,172,172,172,172,172,181,181,245,245,245,245,245,245,245,245,
172,172,181,245,245,245,245,245,245,245,245,245,245,245,245,245,
245,245,245,245,245,245,245,245,245,245,245,245,245,245,245,245,
245,245,245,245,245,245,245,245,245,245,245,245,245,245,245,245,
245,245,245,245,245,245,245,245,245,245,245,245,245,245,245,245,
245,245,245,245,245,245,245,245,245,245,245,245,245,245,245,245,
162,162,162,162,162,162,162,162,162,162,162,162,162,162,162,162,
162,162,162,162,162,162,162,162,162,162,162,162,162,162,162,162,
162,162,162,162,162,162,162,162,162,162,162,162,162,162,162,162,
162,162,162,162,162,162,162,162,162,162,162,162,162,162,162,162,
162,162,162,162,162,162,162,162,162,162,162,162,162,162,162,162,
162,162,162,162,162,162,162,162,162,162,162,162,162,162,162,162,
162,162,172,172,172,172,172,172,172,172,172,172,172,172,172,172,
172,172,172,172,172,172,172,172,172,172,172,172,172,172,172,172,
172,172,172,172,181,181,245,245,245,245,245,245,245,245,245,245,
245,245,245,245,245,245,245,245,245,245,245,245,245,245,245,245,
245,245,245,245,245,245,245,245,245,245,245,245,245,245,245,245,
245,245,245,245,245,245,245,245,245,245,245,245,245,245,245,245,
245,245,245,245,245,245,245,245,245,245,245,245,245,245,245,245,
245,245,245,245,245,245,245,245,245,245,245,245,245,245,245,245,
245,245,245,245,245,245,245,245,245,245,245,245,245,245,245,245,
245,245,245,245,245,245,245,245,245,245,245,245,245,245,245,245,
162,162,162,162,162,162,162,162,162,162,162,162,162,162,162,162,
162,162,162,162,162,162,162,162,162,162,162,162,162,162,162,162,
162,162,162,162,162,162,162,162,162,162,162,162,162,162,162,162,
162,162,162,162,162,162,162,162,162,162,162,162,162,162,162,162,
162,162,162,162,162,162,162,162,162,162,162,162,162,162,162,162,
162,162,162,162,162,162,162,162,162,162,162,162,162,162,162,162,
172,172,172,172,172,172,172,172,172,172,172,172,172,172,162,162,
172,172,172,172,172,172,172,172,172,172,172,172,172,172,172,172,
245,245,245,245,245,245,245,245,245,245,181,181,172,172,172,172,
245,245,245,245,245,245,245,245,245,245,245,245,245,245,245,245,
245,245,245,245,245,245,245,245,245,245,245,245,245,245,245,245,
245,245,245,245,245,245,245,245,245,245,245,245,245,245,245,245,
245,245,245,245,245,245,245,245,245,245,245,245,245,245,245,245,
245,245,245,245,245,245,245,245,245,245,245,245,245,245,245,245,
245,245,245,245,245,245,245,245,245,245,245,245,245,245,245,245,
245,245,245,245,245,245,245,245,245,245,245,245,245,245,245,245,
162,162,162,162,162,162,162,162,162,162,162,162,162,162,162,162,
162,162,162,162,162,162,162,162,162,162,162,162,162,162,162,162,
162,162,162,162,162,162,162,162,162,162,162,162,162,162,162,162,
162,162,162,162,162,162,162,162,162,162,162,162,162,162,162,162,
162,162,162,162,162,162,162,162,162,162,162,162,162,162,162,162,
162,162,162,162,162,162,162,162,162,162,162,162,162,162,162,162,
162,162,162,162,162,162,162,162,162,162,162,162,162,162,162,162,
172,172,172,172,172,172,162,162,162,162,162,162,162,162,162,162,
172,172,172,172,172,172,172,172,172,172,162,162,162,162,162,162,
245,245,245,181,172,172,172,172,172,172,172,172,172,172,162,162,
245,245,245,245,245,245,245,245,181,181,172,172,172,172,172,172,
245,245,245,245,245,245,245,245,245,245,245,245,245,181,172,172,
245,245,245,245,245,245,245,245,245,245,245,245,245,245,245,245,
245,245,245,245,245,245,245,245,245,245,245,245,245,245,245,245,
245,245,245,245,245,245,245,245,245,245,245,245,245,245,245,245,
245,245,245,245,245,245,245,245,245,245,245,245,245,245,245,245,
162,162,162,162,162,162,162,162,162,162,162,162,162,162,162,162,
162,162,162,162,162,162,162,162,162,162,162,162,162,162,162,162,
162,162,162,162,162,162,162,162,162,162,162,162,162,162,162,162,
162,162,162,162,162,162,162,162,162,162,162,162,162,162,162,162,
162,162,162,162,162,162,162,162,162,162,162,162,162,162,162,162,
162,162,162,162,162,162,162,162,162,162,162,162,162,162,162,162,
162,162,162,162,162,162,162,162,162,162,162,162,162,162,162,162,
162,162,162,162,162,162,162,162,162,162,162,162,162,162,162,162,
162,162,162,162,162,162,162,162,162,162,162,162,162,162,162,162,
162,162,162,162,162,162,162,162,162,162,162,162,162,162,162,162,
172,172,162,162,162,162,162,162,162,162,162,162,162,162,162,162,
172,172,172,172,171,162,162,162,162,162,162,162,162,162,162,162,
181,172,172,172,172,172,171,162,162,162,162,162,162,162,162,162,
245,245,245,181,172,172,172,172,162,162,162,162,162,162,162,162,
245,245,245,245,245,172,172,172,172,171,162,162,162,162,162,162,
245,245,245,245,245,245,181,172,172,172,171,162,162,162,162,162,
162,162,162,162,171,172,172,172,181,245,245,245,245,245,245,245,
162,162,162,162,171,172,172,172,245,245,245,245,245,245,245,245,
162,162,162,162,171,172,172,172,245,245,245,245,245,245,245,245,
162,162,162,162,162,172,172,172,181,245,245,245,245,245,245,245,
162,162,162,162,162,171,172,172,172,181,245,245,245,245,245,245,
162,162,162,162,162,162,171,172,172,172,172,245,245,245,245,245,
162,162,162,162,162,162,162,162,172,172,172,172,181,245,245,245,
162,162,162,162,162,162,162,162,162,171,172,172,172,172,172,181,
162,162,162,162,162,162,162,162,162,162,162,171,172,172,172,172,
162,162,162,162,162,162,162,162,162,162,162,162,162,162,171,172,
162,162,162,162,162,162,162,162,162,162,162,162,162,162,162,162,
162,162,162,162,162,162,162,162,162,162,162,162,162,162,162,162,
162,162,162,162,162,162,162,162,162,162,162,162,162,162,162,162,
162,162,162,162,162,162,162,162,162,162,162,162,162,162,162,162,
162,162,162,162,162,162,162,162,162,162,162,162,162,162,162,162,
162,162,162,162,162,162,162,162,162,162,162,162,162,162,162,162,
245,245,245,245,245,245,245,245,245,245,245,245,245,245,245,245,
245,245,245,245,245,245,245,245,245,245,245,245,245,245,245,245,
245,245,245,245,245,245,245,245,245,245,245,245,245,245,245,245,
245,245,245,245,245,245,245,245,245,245,245,245,245,245,245,245,
245,245,245,245,245,245,245,245,245,245,245,245,245,245,245,245,
245,245,245,245,245,245,245,245,245,245,245,245,245,245,245,245,
245,245,245,245,245,245,245,245,245,245,245,245,245,245,245,245,
245,245,245,245,245,245,245,245,245,245,245,245,245,245,245,245,
172,172,181,245,245,245,245,245,245,245,245,245,245,245,245,245,
172,172,172,172,172,172,181,181,245,245,245,245,245,245,245,245,
162,171,171,172,172,172,172,172,172,172,172,172,181,245,245,245,
162,162,162,162,162,171,171,172,172,172,172,172,172,172,172,172,
162,162,162,162,162,162,162,162,162,162,171,171,172,172,172,172,
162,162,162,162,162,162,162,162,162,162,162,162,162,162,162,162,
162,162,162,162,162,162,162,162,162,162,162,162,162,162,162,162,
162,162,162,162,162,162,162,162,162,162,162,162,162,162,162,162,
245,245,245,245,245,245,245,245,245,245,245,245,245,245,245,245,
245,245,245,245,245,245,245,245,245,245,245,245,245,245,245,245,
245,245,245,245,245,245,245,245,245,245,245,245,245,245,245,245,
245,245,245,245,245,245,245,245,245,245,245,245,245,245,245,245,
245,245,245,245,245,245,245,245,245,245,245,245,245,245,245,245,
245,245,245,245,245,245,245,245,245,245,245,245,245,245,245,245,
245,245,245,245,245,245,245,245,245,245,245,245,245,245,245,245,
245,245,245,245,245,245,245,245,245,245,245,245,245,245,245,245,
245,245,245,245,245,245,245,245,245,245,245,245,245,245,245,245,
245,245,245,245,245,245,245,245,245,245,245,245,245,245,245,245,
245,245,245,245,245,245,245,245,245,245,245,245,245,245,245,245,
172,172,172,172,181,181,245,245,245,245,245,245,245,245,245,245,
172,172,172,172,172,172,172,172,172,172,172,172,172,172,172,172,
162,171,171,171,172,172,172,172,172,172,172,172,172,172,172,172,
162,162,162,162,162,162,162,162,162,162,162,162,162,162,162,162,
162,162,162,162,162,162,162,162,162,162,162,162,162,162,162,162,
245,245,245,245,245,245,245,245,245,245,245,245,245,245,245,245,
245,245,245,245,245,245,245,245,245,245,245,245,245,245,245,245,
245,245,245,245,245,245,245,245,245,245,245,245,245,245,245,245,
245,245,245,245,245,245,245,245,245,245,245,245,245,245,245,245,
245,245,245,245,245,245,245,245,245,245,245,245,245,245,245,245,
245,245,245,245,245,245,245,245,245,245,245,245,245,245,245,245,
245,245,245,245,245,245,245,245,245,245,245,245,245,245,245,245,
245,245,245,245,245,245,245,245,245,245,245,245,245,245,245,245,
245,245,245,245,245,245,245,245,245,245,245,245,245,245,245,245,
245,245,245,245,245,245,245,245,245,245,245,245,245,245,245,245,
245,245,245,245,245,245,245,245,245,245,245,245,245,245,245,245,
245,245,245,245,245,245,245,245,245,245,181,181,172,172,172,172,
172,172,172,172,172,172,172,172,172,172,172,172,172,172,172,172,
172,172,172,172,172,172,172,172,172,172,172,172,171,171,171,162,
162,162,162,162,162,162,162,162,162,162,162,162,162,162,162,162,
162,162,162,162,162,162,162,162,162,162,162,162,162,162,162,162,
245,245,245,245,245,245,245,245,245,245,245,245,245,245,245,245,
245,245,245,245,245,245,245,245,245,245,245,245,245,245,245,245,
245,245,245,245,245,245,245,245,245,245,245,245,245,245,245,245,
245,245,245,245,245,245,245,245,245,245,245,245,245,245,245,245,
245,245,245,245,245,245,245,245,245,245,245,245,245,245,245,245,
245,245,245,245,245,245,245,245,245,245,245,245,245,245,245,245,
245,245,245,245,245,245,245,245,245,245,245,245,245,245,245,245,
245,245,245,245,245,245,245,245,245,245,245,245,245,245,245,245,
245,245,245,245,245,245,245,245,245,245,245,245,245,181,172,172,
245,245,245,245,245,245,245,245,181,181,172,172,172,172,172,172,
245,245,245,181,172,172,172,172,172,172,172,172,172,171,171,162,
172,172,172,172,172,172,172,172,172,171,171,162,162,162,162,162,
172,172,172,172,171,171,162,162,162,162,162,162,162,162,162,162,
162,162,162,162,162,162,162,162,162,162,162,162,162,162,162,162,
162,162,162,162,162,162,162,162,162,162,162,162,162,162,162,162,
162,162,162,162,162,162,162,162,162,162,162,162,162,162,162,162,
245,245,245,245,245,245,245,181,172,172,172,171,162,162,162,162,
245,245,245,245,245,245,245,245,172,172,172,171,162,162,162,162,
245,245,245,245,245,245,245,245,172,172,172,171,162,162,162,162,
245,245,245,245,245,245,245,181,172,172,172,162,162,162,162,162,
245,245,245,245,245,245,181,172,172,172,171,162,162,162,162,162,
245,245,245,245,245,172,172,172,172,171,162,162,162,162,162,162,
245,245,245,181,172,172,172,172,162,162,162,162,162,162,162,162,
181,172,172,172,172,172,171,162,162,162,162,162,162,162,162,162,
172,172,172,172,171,162,162,162,162,162,162,162,162,162,162,162,
172,171,162,162,162,162,162,162,162,162,162,162,162,162,162,162,
162,162,162,162,162,162,162,162,162,162,162,162,162,162,162,162,
162,162,162,162,162,162,162,162,162,162,162,162,162,162,162,162,
162,162,162,162,162,162,162,162,162,162,162,162,162,162,162,162,
162,162,162,162,162,162,162,162,162,162,162,162,162,162,162,162,
162,162,162,162,162,162,162,162,162,162,162,162,162,162,162,162,
162,162,162,162,162,162,162,162,162,162,162,162,162,162,162,162,


