bulba_0: .word 110, 85
.byte 0,0,0,0,0,0,0,0,0,0,0,0,0,0,0,0,0,0,0,0,0,0,0,0,0,0,0,0,0,0,0,0,0,0,0,0,0,0,0,0,0,9,9,9,9,9,9,9,9,9,9,0,0,0,0,0,0,0,0,0,0,0,0,9,9,9,9,0,0,0,0,0,0,0,0,0,0,0,0,0,0,0,0,0,0,0,0,0,0,0,0,0,0,0,0,0,0,0,0,0,0,0,0,0,0,0,0,0,0,0,
0,0,0,0,0,0,0,0,0,0,0,0,0,0,0,0,0,0,0,0,0,0,0,0,0,0,0,0,0,0,0,0,0,0,0,0,0,9,9,9,73,73,73,73,73,73,82,82,82,82,73,9,9,0,0,0,0,0,0,0,9,9,73,73,73,73,73,73,9,9,9,0,0,0,0,0,0,0,0,0,0,0,0,0,0,0,0,0,0,0,0,0,0,0,0,0,0,0,0,0,0,0,0,0,0,0,0,0,0,0,
0,0,0,0,0,0,0,0,0,0,0,0,0,0,0,0,0,0,0,0,0,0,0,0,0,0,0,0,0,0,0,0,0,0,0,9,9,73,73,73,82,82,82,73,73,82,82,82,82,73,9,9,73,9,0,0,0,0,9,9,73,73,73,73,73,82,82,82,73,73,73,9,9,0,0,0,0,0,0,0,0,0,0,0,0,0,0,0,0,0,0,0,0,0,0,0,0,0,0,0,0,0,0,0,0,0,0,0,0,0,
0,0,0,0,0,0,0,0,0,0,0,0,0,0,0,0,0,0,0,0,0,0,0,0,0,0,0,0,0,0,0,0,0,9,9,73,73,73,73,73,82,82,82,82,73,73,73,73,9,9,9,9,9,73,9,9,9,9,9,9,73,9,9,73,82,82,82,82,73,73,73,73,73,9,9,0,0,0,0,0,0,0,0,0,0,0,0,0,0,0,0,0,0,0,0,0,0,0,0,0,0,0,0,0,0,0,0,0,0,0,
0,0,0,0,0,0,0,0,0,0,0,0,0,0,0,0,0,0,0,0,0,0,0,0,0,0,0,0,0,0,0,9,9,73,73,82,82,82,82,73,73,73,73,73,73,73,9,9,9,9,9,9,9,9,9,9,9,9,9,9,9,9,9,9,73,73,73,73,73,82,82,82,82,73,73,9,9,0,0,0,0,0,0,0,0,0,0,0,0,0,0,0,0,0,0,0,0,0,0,0,0,0,0,0,0,0,0,0,0,0,
0,0,0,0,0,0,0,0,0,0,0,0,0,0,0,0,0,0,0,0,0,0,0,0,0,0,0,0,0,0,9,9,9,9,9,9,9,9,9,9,9,9,9,73,73,73,9,82,9,9,9,9,9,9,9,9,9,9,9,9,9,9,9,9,9,73,73,73,73,9,9,9,9,9,73,73,73,9,0,0,0,0,0,0,0,0,0,0,0,0,0,0,0,0,0,0,0,0,0,0,0,0,0,0,0,0,0,0,0,0,
0,0,0,0,0,0,0,0,0,0,0,0,0,0,0,0,0,0,0,0,0,0,0,0,0,0,9,9,9,9,82,82,82,82,82,82,82,82,82,82,82,82,82,9,9,9,9,82,73,9,82,9,9,82,9,9,9,82,9,9,82,9,9,82,9,9,9,9,9,82,82,82,82,82,9,9,9,9,9,9,0,0,0,0,0,0,0,0,0,0,0,0,0,0,0,0,0,0,0,0,0,0,0,0,0,0,0,0,0,0,
0,0,0,0,0,0,0,0,0,0,0,0,0,0,0,0,0,0,0,0,0,0,0,9,9,9,82,82,82,82,82,82,82,82,82,82,82,82,82,82,82,82,82,82,82,82,9,82,82,9,82,82,9,82,82,9,82,82,9,82,82,82,9,73,9,82,82,82,82,82,82,82,82,82,82,82,82,82,82,82,9,9,9,0,0,0,0,0,0,0,0,0,0,0,0,0,0,0,0,0,0,0,0,0,0,0,0,0,0,0,
0,0,0,0,0,0,0,0,0,0,0,0,0,0,0,0,0,0,0,0,0,9,9,82,82,82,82,82,82,82,82,82,82,82,82,82,82,82,9,9,9,9,9,9,9,9,9,9,73,73,73,82,82,82,82,82,82,82,82,82,73,73,73,9,9,9,9,9,9,82,82,82,82,82,82,82,82,82,82,82,82,82,82,9,9,9,0,0,0,0,0,0,0,0,0,0,0,0,0,0,0,0,0,0,0,0,0,0,0,0,
0,0,0,0,0,0,0,0,0,0,0,0,0,0,0,0,0,0,0,9,9,73,73,82,82,82,82,82,82,82,82,82,82,82,9,9,9,9,82,82,82,82,82,82,82,82,82,82,9,9,9,73,73,82,82,82,82,73,73,73,9,9,9,82,82,82,82,82,82,9,9,9,9,9,82,82,82,82,82,82,82,82,82,82,82,73,9,9,0,0,0,0,0,0,0,0,0,0,0,0,0,0,0,0,0,0,0,0,0,0,
0,0,0,0,0,0,0,0,0,0,0,0,0,0,0,0,0,9,73,73,73,73,73,82,82,82,73,73,73,73,73,9,9,9,82,82,82,82,82,82,82,82,82,82,82,82,82,82,82,82,82,9,9,73,73,73,73,9,9,9,82,82,82,82,82,82,82,82,82,82,82,82,82,82,9,9,9,82,82,82,82,82,82,82,82,73,73,73,9,9,0,0,0,0,0,0,0,0,0,0,0,0,0,0,0,0,0,0,0,0,
0,0,0,0,0,0,0,0,0,0,0,0,0,0,0,0,9,73,73,73,73,82,82,82,82,82,82,82,82,9,9,82,82,82,82,82,82,82,82,82,82,82,82,82,82,82,82,82,82,82,82,82,82,9,73,73,9,82,82,82,82,82,82,82,82,82,82,82,82,82,82,82,82,82,82,82,82,9,9,82,82,82,82,82,82,73,73,73,73,9,9,0,0,0,0,0,0,0,0,0,0,0,0,0,0,0,0,0,0,0,
0,0,0,0,0,0,0,0,0,0,0,0,0,0,0,9,9,73,73,73,82,82,82,82,82,82,82,82,9,82,82,82,82,82,82,82,82,82,82,82,82,82,82,82,82,82,82,82,82,82,82,82,82,82,9,9,82,82,82,82,82,82,82,82,82,82,82,82,82,82,82,82,82,82,82,82,82,82,82,9,9,73,73,73,73,73,73,9,9,9,9,9,0,0,0,0,0,0,0,0,0,0,0,0,0,0,0,0,0,0,
0,0,0,0,0,0,0,0,0,0,0,0,0,0,0,9,9,9,73,73,82,82,82,82,82,82,9,9,82,82,82,82,82,82,82,82,82,82,82,82,82,82,82,82,82,82,82,82,82,82,82,82,9,9,9,9,9,9,82,82,82,82,82,82,82,82,82,82,82,82,82,82,82,82,82,82,82,82,82,73,73,9,9,9,9,9,9,9,9,9,9,9,9,0,0,0,0,0,0,0,0,0,0,0,0,0,0,0,0,0,
0,0,0,0,0,0,0,0,0,0,0,0,0,0,9,9,9,9,9,9,9,82,82,9,82,9,73,73,82,82,82,82,82,82,82,82,82,82,82,82,82,82,82,82,82,82,82,82,82,82,9,9,9,9,9,9,9,9,9,9,82,82,82,82,82,82,82,82,82,82,82,82,82,82,82,82,82,73,73,73,73,73,9,9,9,9,9,82,82,9,9,9,9,9,0,0,0,0,0,0,0,0,0,0,0,0,0,0,0,0,
0,0,0,0,0,0,0,0,0,0,0,0,0,0,9,9,9,9,9,9,9,9,9,0,9,73,73,73,82,82,82,82,82,82,82,82,82,82,82,82,82,82,82,82,82,82,82,82,82,9,9,9,9,9,9,9,9,9,9,9,9,82,82,82,82,82,82,82,82,82,82,82,82,82,82,82,82,73,73,73,73,9,73,9,9,9,9,82,82,82,9,9,9,9,0,0,0,0,0,0,0,0,0,0,0,0,0,0,0,0,
0,0,0,0,0,0,0,0,0,0,0,0,0,0,9,9,9,9,9,9,9,0,0,9,73,73,73,73,82,82,82,82,82,82,82,82,82,82,82,82,82,82,82,82,82,82,82,9,9,9,9,9,9,9,9,9,9,9,9,9,9,9,9,82,82,82,82,82,82,82,82,82,82,82,82,73,73,73,73,73,9,73,9,73,9,9,9,9,9,9,9,9,9,9,0,0,0,0,0,0,0,0,0,0,0,0,0,0,0,0,
0,0,0,0,0,0,0,0,0,0,0,0,0,0,9,9,9,9,9,0,0,0,9,9,9,73,73,73,73,82,82,82,82,82,82,82,82,82,82,82,82,82,82,82,82,9,9,9,9,9,9,0,9,9,9,0,9,9,9,0,9,9,9,9,82,82,82,82,82,73,73,73,73,73,73,73,73,73,9,9,73,9,73,9,9,9,9,9,9,9,9,9,9,9,9,0,0,0,0,0,0,0,0,0,0,0,0,0,0,0,
0,0,0,0,0,0,0,0,0,0,0,0,0,0,0,9,9,9,0,0,0,9,9,9,9,73,73,73,73,73,73,82,82,82,82,82,82,82,82,82,82,73,73,73,9,0,9,9,9,9,0,9,9,9,0,9,9,9,0,9,0,9,9,0,9,73,73,73,73,73,73,73,82,82,82,82,9,9,9,9,9,9,9,9,9,9,9,9,9,0,0,9,9,9,9,0,0,0,0,0,0,0,0,0,0,0,0,0,0,0,
0,0,0,0,0,0,0,0,0,0,0,0,0,0,0,9,9,0,0,0,9,9,9,9,9,9,73,73,73,73,73,73,82,82,82,82,82,82,73,73,73,73,73,9,0,0,9,9,9,9,9,9,9,9,9,9,9,9,9,9,9,9,9,0,0,9,9,9,9,9,9,9,82,82,82,82,9,9,9,9,9,9,9,9,9,9,9,9,9,9,0,0,9,9,0,0,0,0,0,0,0,0,0,0,0,0,0,0,0,0,
0,0,0,0,0,0,0,0,0,0,0,0,0,0,0,0,0,0,0,0,9,9,9,9,9,9,9,9,73,73,73,73,73,73,73,73,73,73,9,9,9,9,9,0,0,0,9,9,9,9,9,9,9,9,9,9,9,9,9,9,9,9,9,9,0,0,9,9,9,9,9,82,82,82,82,82,9,9,9,9,9,9,9,9,9,9,9,9,9,9,9,0,0,0,0,0,0,0,0,0,0,0,0,0,0,0,0,0,0,0,
0,0,0,0,0,0,0,0,0,0,0,0,0,0,0,0,0,0,0,0,9,9,9,9,9,9,9,9,9,9,9,9,9,9,73,9,73,9,73,9,9,9,0,0,0,0,9,9,9,9,9,9,9,9,9,9,9,9,9,9,9,9,9,9,0,0,0,9,9,9,9,82,82,82,82,82,9,9,9,9,9,9,9,9,9,9,9,9,9,9,9,0,0,0,0,0,0,0,0,0,0,0,0,0,0,0,0,0,0,0,
0,0,0,0,0,0,0,0,0,0,0,0,0,0,0,0,0,0,0,0,0,9,9,9,9,9,9,9,9,9,9,9,9,9,9,73,9,73,9,9,9,0,0,0,0,9,9,9,9,9,9,9,9,9,9,9,9,9,9,9,9,9,9,9,0,0,0,0,9,9,9,82,82,82,82,82,9,9,9,9,9,9,9,9,9,9,9,9,9,9,0,0,0,0,0,0,0,0,0,0,0,0,0,0,0,0,0,0,0,0,
0,0,0,0,0,0,0,0,0,0,0,0,0,0,0,0,0,0,0,0,0,0,0,9,9,9,9,9,9,9,9,9,9,9,9,9,9,9,9,9,9,0,0,0,0,9,9,9,9,9,9,9,9,9,9,9,9,9,9,9,9,9,9,9,0,0,0,0,9,9,9,82,82,82,82,9,9,9,9,9,9,9,9,9,9,9,9,9,0,0,0,0,0,0,0,0,0,0,0,0,0,0,0,0,0,0,0,0,0,0,
0,0,0,0,0,0,0,0,0,0,0,0,0,0,0,0,0,0,0,0,0,0,0,0,0,9,9,9,9,9,9,9,9,9,9,9,9,9,9,9,0,0,0,0,0,9,9,9,9,9,9,9,9,9,9,9,9,9,9,9,9,9,9,9,0,0,0,0,0,9,9,9,9,9,9,9,9,9,9,9,9,9,9,9,9,9,9,0,0,0,0,0,0,0,0,0,0,0,0,0,0,0,0,0,0,0,0,0,0,0,
0,0,0,0,0,0,0,0,0,0,0,0,0,0,0,0,0,0,0,0,0,0,0,0,0,0,0,0,9,9,0,9,9,9,9,9,9,9,9,0,0,0,0,0,9,9,9,9,9,9,9,9,9,9,9,9,9,9,9,9,9,9,9,9,0,0,0,0,0,0,9,9,9,9,9,9,9,9,9,9,9,9,9,9,9,0,0,0,0,0,0,0,0,0,0,0,0,0,0,0,0,0,0,0,0,0,0,0,0,0,
0,0,0,0,0,0,0,0,0,0,0,0,0,0,0,0,0,0,0,0,0,0,0,0,0,0,0,0,0,0,0,9,9,9,9,9,9,9,9,0,9,9,0,9,9,9,9,9,9,9,9,9,9,9,9,9,9,9,9,9,9,9,9,9,9,9,0,9,9,0,9,9,9,9,9,9,9,9,9,9,9,9,0,0,0,0,0,0,0,0,0,0,0,0,0,0,0,0,0,0,0,0,0,0,0,0,0,0,0,0,
0,0,0,0,0,0,0,0,0,0,0,0,0,0,0,0,0,0,0,0,0,0,0,0,0,0,0,0,0,0,0,0,0,0,9,9,9,9,9,9,9,9,9,9,9,9,9,9,9,9,9,9,9,9,9,9,9,9,9,9,9,9,9,9,9,9,9,9,9,9,0,9,9,9,9,9,0,9,9,0,0,0,0,0,0,0,0,0,0,0,0,0,0,0,0,0,0,0,0,0,0,0,0,0,0,0,0,0,0,0,
0,0,0,0,0,0,0,0,0,0,0,0,0,0,0,0,0,0,0,0,0,0,0,0,0,0,0,0,9,9,9,9,0,0,0,0,9,9,9,9,9,9,9,9,9,9,9,9,9,9,9,9,9,9,9,9,9,9,9,9,9,9,9,9,9,9,9,9,9,9,9,9,9,9,9,9,0,0,0,0,0,0,0,0,0,0,0,0,0,0,0,0,0,0,0,0,0,0,0,0,0,0,0,0,0,0,0,0,0,0,
0,0,0,0,0,0,0,0,0,0,0,0,0,0,0,0,0,0,0,0,0,0,0,9,9,9,9,9,9,9,9,9,9,9,9,9,9,9,9,9,9,9,9,9,9,9,9,9,9,9,9,9,9,9,9,9,9,9,9,9,9,9,9,9,9,9,9,9,9,9,9,9,9,9,9,9,9,9,9,9,9,9,9,9,9,0,0,0,0,0,0,0,0,0,0,0,0,0,0,0,0,0,0,0,0,0,0,0,0,0,
0,0,0,0,0,0,0,0,0,0,0,0,0,0,0,0,0,9,9,9,9,0,0,9,82,73,73,73,73,9,9,9,9,9,9,9,9,9,9,9,9,9,9,9,9,9,9,9,9,9,9,9,9,9,9,9,9,9,9,9,9,9,9,9,9,9,9,9,9,9,9,9,9,9,9,9,9,9,9,9,9,9,9,9,9,9,9,9,9,9,0,0,0,0,0,0,0,0,0,0,0,0,0,0,0,0,0,0,0,0,
0,0,0,0,0,0,0,0,0,0,0,0,9,9,9,0,0,9,82,82,82,9,9,82,9,82,82,73,9,9,9,9,9,9,9,9,9,9,9,9,9,9,9,9,9,9,9,9,9,9,9,9,9,9,9,9,9,9,9,9,9,9,9,9,9,9,9,9,9,9,9,9,9,9,9,9,9,9,9,9,9,9,9,9,9,9,9,9,9,9,9,9,9,0,0,0,0,0,0,0,0,0,0,0,0,0,0,0,0,0,
0,0,0,0,0,0,0,0,0,0,0,9,9,82,82,9,9,9,82,82,82,82,9,82,9,82,9,9,82,82,82,9,9,9,9,9,9,9,9,9,9,9,9,9,9,9,9,9,9,9,9,9,9,9,9,9,9,9,9,9,9,9,9,9,9,9,9,9,9,9,9,9,9,9,9,9,9,9,9,9,9,9,9,9,9,9,9,9,9,9,9,9,9,9,9,0,0,0,0,0,0,0,0,0,0,0,0,0,0,0,
0,0,0,0,0,0,0,0,0,0,0,9,82,82,82,82,82,82,9,82,82,82,82,82,82,82,82,82,9,9,9,9,9,9,9,9,9,9,9,9,9,9,9,9,9,9,9,9,9,9,9,9,9,82,73,9,9,9,9,9,9,9,9,9,9,9,9,9,9,9,9,9,9,9,9,9,9,9,9,9,9,9,9,9,9,9,9,9,9,9,9,9,9,9,9,9,9,9,0,0,0,0,0,0,0,0,0,0,0,0,
0,0,0,0,0,0,0,0,0,9,9,9,9,82,82,82,82,82,82,82,82,82,82,9,9,9,9,9,9,9,9,9,9,9,9,9,9,9,9,9,9,9,9,9,9,9,73,73,73,73,73,73,9,82,73,9,73,73,73,73,73,73,9,9,9,9,9,9,9,9,9,9,9,9,9,9,9,9,9,9,9,9,9,9,9,9,9,9,9,9,9,9,9,9,9,9,9,9,9,9,0,0,0,0,0,0,0,0,0,0,
0,0,0,0,0,0,0,0,9,82,82,82,82,82,82,82,82,82,82,9,9,9,9,82,82,9,82,82,9,9,9,9,9,9,9,9,9,9,9,9,9,9,73,73,73,73,73,73,73,73,73,73,9,82,73,9,73,73,73,73,73,73,73,73,9,9,9,9,9,9,9,9,9,9,9,9,9,9,9,9,9,9,9,9,9,9,9,9,9,9,9,9,9,9,9,9,9,9,9,9,0,0,0,0,0,0,0,0,0,0,
0,0,0,0,9,9,9,9,9,82,82,82,82,82,82,82,9,9,9,82,82,9,82,82,82,9,82,82,9,82,82,82,82,82,82,82,9,9,9,9,9,73,73,73,73,9,73,73,73,73,73,73,9,82,73,9,73,73,73,73,73,73,73,73,73,9,9,9,9,9,9,9,9,9,9,9,9,9,9,9,9,9,9,9,9,9,9,9,9,9,9,9,9,9,9,9,9,9,9,9,9,9,9,0,0,0,0,0,0,0,
0,0,0,9,82,82,82,82,9,9,82,82,82,82,9,9,82,82,82,82,82,9,82,82,82,82,82,82,9,82,9,9,82,82,82,82,82,73,9,9,9,73,73,9,9,73,73,73,73,73,73,82,82,82,9,82,82,82,82,73,73,73,9,9,73,9,9,9,9,9,9,9,9,9,9,9,9,9,9,9,9,9,9,9,9,9,9,9,9,9,9,9,9,9,9,9,9,9,73,73,73,73,73,9,9,0,0,0,0,0,
0,0,0,9,82,82,82,82,82,82,82,82,82,82,82,82,82,82,82,82,9,82,82,82,82,82,82,82,9,82,9,9,9,82,82,82,82,82,73,9,9,9,9,73,73,73,73,9,82,82,82,82,82,82,9,82,82,82,82,82,82,73,73,73,9,9,9,9,9,9,9,9,9,9,9,9,9,9,9,9,9,9,9,9,9,9,9,9,9,9,9,9,9,9,9,9,9,73,73,73,73,73,73,73,82,9,9,9,0,0,
0,0,0,0,9,9,82,82,82,82,82,82,82,82,82,82,82,82,82,82,9,82,82,82,82,82,82,82,82,9,82,9,9,9,82,82,82,82,82,73,9,9,73,73,73,73,9,82,82,82,82,82,82,82,9,82,82,82,82,82,82,82,82,73,73,9,9,9,9,9,9,9,9,9,9,9,9,9,9,9,9,9,9,9,9,9,9,9,9,9,9,9,9,9,9,73,73,73,73,73,73,73,73,82,82,82,82,82,9,9,
0,0,9,9,82,82,82,82,82,82,82,82,82,82,9,82,82,82,82,82,82,82,82,9,82,82,82,82,82,9,82,9,9,9,9,82,82,82,82,82,9,9,73,73,9,82,82,82,82,82,82,82,82,82,82,82,82,82,82,82,82,82,82,82,73,9,9,9,9,9,9,9,9,9,9,9,9,9,9,9,9,9,9,9,9,9,9,9,9,9,9,9,9,9,9,73,73,73,73,73,73,82,82,9,9,9,82,82,82,9,
0,0,82,82,82,82,82,82,9,82,82,82,82,82,9,82,82,82,82,82,82,82,9,9,82,82,82,82,82,82,9,73,9,9,9,9,82,82,82,82,82,82,9,9,82,82,82,82,82,82,82,82,82,82,82,82,82,82,82,9,82,82,82,82,9,9,9,9,9,9,9,9,9,9,9,9,9,9,9,9,9,9,9,9,9,9,9,9,9,9,9,9,9,73,73,9,82,73,73,82,82,82,82,82,82,9,9,9,9,0,
0,0,82,82,82,82,82,82,9,82,82,82,82,9,0,9,82,82,82,82,82,82,9,9,82,82,82,9,82,82,9,82,9,9,9,9,9,82,82,82,82,82,9,9,82,82,82,82,9,9,82,82,82,82,82,82,82,82,82,82,9,82,82,9,9,9,9,9,9,9,9,9,9,9,9,9,9,9,9,9,9,9,9,9,9,9,9,9,73,73,73,9,73,73,73,9,9,82,82,82,9,82,82,82,82,9,0,0,0,0,
0,0,82,9,9,82,82,9,9,82,82,82,9,0,9,82,82,82,9,82,82,82,9,9,82,82,82,9,9,9,9,82,9,9,73,82,82,82,82,82,82,82,82,9,9,82,9,9,9,82,82,82,82,82,82,82,82,82,82,82,82,9,9,9,9,9,9,9,9,9,9,9,9,9,9,9,9,9,9,9,9,9,9,9,9,9,9,9,9,73,73,73,9,73,73,73,9,9,82,82,82,9,82,82,82,82,9,9,0,0,
0,0,9,9,82,82,9,9,82,82,82,9,9,0,9,9,9,9,9,82,82,9,9,9,9,9,9,9,9,9,9,82,73,73,82,82,82,82,82,82,82,82,82,9,9,9,9,9,82,82,82,82,82,82,82,82,82,82,82,82,82,9,9,9,9,9,9,9,9,9,9,9,9,9,9,9,9,9,9,9,9,9,9,9,9,9,9,9,9,9,9,9,9,9,9,9,9,0,9,82,82,82,9,9,82,82,82,9,0,0,
0,0,0,9,9,9,0,9,9,9,9,9,0,0,9,9,9,9,9,9,9,9,9,9,9,9,9,9,9,9,9,82,82,82,82,82,82,82,82,82,82,82,82,82,9,9,9,82,82,82,82,82,82,82,82,82,82,9,82,82,82,9,9,9,9,9,9,9,9,9,9,9,9,9,9,9,9,9,9,9,9,9,9,9,9,9,9,9,9,9,9,9,9,9,9,9,0,0,0,9,9,9,9,0,9,9,9,9,0,0,
0,0,0,0,9,9,0,9,9,9,9,0,0,0,9,9,9,9,9,9,9,9,9,9,9,9,9,9,9,9,82,82,82,82,82,82,9,9,73,82,82,82,82,82,82,82,9,82,82,82,9,82,82,82,82,82,82,82,9,82,9,9,9,9,9,9,9,9,9,9,9,9,9,9,9,9,9,9,9,9,9,9,9,9,9,9,9,9,9,9,9,9,9,9,9,9,9,0,0,0,0,0,0,0,0,0,0,0,0,0,
0,0,0,0,0,0,0,0,0,0,0,0,0,9,9,9,9,9,9,9,9,9,9,73,73,9,9,9,9,82,82,82,82,82,82,9,82,82,82,82,82,82,82,82,82,82,9,9,82,9,9,82,82,82,9,82,82,82,9,9,9,9,9,9,9,9,9,9,9,9,9,9,9,9,9,9,9,9,9,9,9,9,9,9,9,9,9,9,9,9,9,9,9,9,9,9,9,0,0,0,0,0,0,0,0,0,0,0,0,0,
0,0,0,0,0,0,0,0,0,0,0,0,0,9,9,9,9,9,9,9,9,9,9,73,73,73,73,9,82,82,82,82,82,82,9,82,82,82,82,82,82,82,9,82,82,82,9,9,9,9,82,82,82,82,9,82,82,82,9,9,9,9,9,9,9,9,9,9,9,9,9,9,9,9,9,9,9,9,9,9,9,9,9,9,9,9,9,9,9,9,9,9,9,9,9,9,9,9,0,0,0,0,0,0,0,0,0,0,0,0,
0,0,0,0,0,0,0,0,0,0,0,0,9,9,9,9,9,9,9,9,9,9,73,73,73,73,9,82,82,82,82,82,82,82,73,9,9,82,82,82,82,73,9,9,82,82,82,82,9,9,82,82,82,9,9,9,82,9,9,9,9,9,9,9,9,9,9,9,9,9,9,82,82,9,9,9,9,9,9,9,9,9,9,9,9,9,9,9,9,9,9,9,9,9,9,9,9,9,0,0,0,0,0,0,0,0,0,0,0,0,
0,0,0,0,0,0,0,0,0,0,0,0,9,9,9,9,9,9,9,9,9,9,73,73,73,73,9,82,82,82,82,82,82,82,9,82,82,9,9,82,73,73,9,9,82,82,82,82,82,82,9,9,82,9,9,9,9,9,9,9,9,9,9,9,9,9,9,9,9,82,9,82,82,9,9,9,9,9,9,9,9,9,9,9,9,9,9,9,9,9,9,9,9,9,9,9,9,9,9,0,0,0,0,0,0,0,0,0,0,0,
0,0,0,0,0,0,0,0,0,0,0,9,9,9,9,9,9,9,9,9,9,73,73,73,73,9,73,82,82,82,82,82,82,82,9,82,82,9,82,9,9,9,9,9,82,82,82,82,82,82,9,9,9,9,9,9,9,9,73,73,73,9,9,9,9,9,9,9,9,9,9,82,82,9,9,9,9,9,9,9,9,9,9,9,9,9,9,9,9,9,9,9,9,9,9,9,9,9,9,0,0,0,0,0,0,0,0,0,0,0,
0,0,0,0,0,0,0,0,0,0,0,9,9,9,73,9,9,9,9,9,9,73,73,73,73,9,73,82,82,82,82,82,82,82,9,82,82,9,9,9,9,9,9,9,82,82,82,82,82,82,82,9,9,9,9,9,9,73,73,73,73,73,73,9,9,9,82,9,9,9,9,82,82,9,9,9,9,9,9,9,9,9,9,9,9,9,9,9,9,9,9,9,9,9,9,9,9,9,9,9,0,0,0,0,0,0,0,0,0,0,
0,0,0,0,0,0,0,0,0,0,0,9,9,9,9,9,9,9,9,9,9,73,73,73,9,73,73,82,82,82,82,82,82,82,82,82,82,82,9,9,9,82,9,82,82,82,82,82,82,82,82,73,9,9,9,9,73,73,73,73,73,73,73,73,9,9,82,82,82,82,82,82,9,9,9,9,9,9,9,9,9,9,9,9,9,9,9,9,9,9,9,9,9,9,9,9,9,9,9,9,0,0,0,0,0,0,0,0,0,0,
0,0,0,0,0,0,0,0,0,0,9,9,9,9,9,9,9,9,9,9,9,82,73,73,9,73,73,73,82,82,82,82,82,82,82,9,82,82,82,82,82,82,9,82,82,82,82,82,82,82,82,73,9,9,9,9,73,73,73,73,73,73,73,73,73,73,9,82,82,82,82,9,9,9,9,9,9,9,9,9,9,9,9,9,9,9,9,9,9,9,9,9,9,9,9,9,9,9,9,9,0,0,0,0,0,0,0,0,0,0,
0,0,0,0,0,0,0,0,0,0,9,9,9,9,9,9,9,9,9,9,73,82,82,73,73,9,9,73,73,73,82,82,82,82,82,82,9,82,82,82,82,9,82,82,82,82,82,82,82,82,82,73,9,9,9,9,73,73,73,73,73,73,73,73,73,73,73,73,9,9,9,9,9,9,9,9,9,9,9,9,9,9,9,9,9,9,9,9,9,9,9,9,9,9,9,9,9,9,9,9,0,0,0,0,0,0,0,0,0,0,
0,0,0,0,0,0,0,0,0,0,9,9,9,9,9,9,9,9,9,9,82,82,82,73,73,9,9,9,9,9,9,73,73,73,82,82,82,9,9,9,9,82,82,82,82,82,82,82,82,82,82,73,73,9,9,73,73,73,73,73,73,73,73,73,73,73,9,9,9,9,9,9,9,9,9,9,9,9,9,9,9,9,9,9,9,9,9,9,9,9,9,9,9,9,9,9,9,9,9,9,0,0,0,0,0,0,0,0,0,0,
0,0,0,0,0,0,0,0,0,0,9,9,9,9,9,9,9,9,9,9,82,82,82,73,73,73,9,9,9,9,9,9,9,73,73,73,73,73,82,82,82,82,82,82,82,82,82,82,82,82,82,73,73,73,9,73,73,73,73,73,73,73,9,9,9,9,9,9,9,9,9,9,9,9,9,9,9,9,9,9,9,9,9,9,9,9,9,9,9,9,9,9,9,9,9,9,9,9,9,9,0,0,0,0,0,0,0,0,0,0,
0,0,0,0,0,0,0,0,0,0,9,9,9,9,73,9,9,9,9,9,82,82,82,73,73,73,9,9,9,9,9,9,9,9,9,9,9,9,73,73,73,73,73,82,82,82,82,82,82,82,82,73,73,9,73,73,73,73,73,73,73,9,9,9,9,9,9,9,9,9,9,82,82,9,9,9,9,9,9,9,9,9,9,9,9,9,9,9,9,9,9,9,9,9,9,9,9,9,0,9,0,0,0,0,0,0,0,0,0,0,
0,0,0,0,0,0,0,0,0,0,0,9,9,9,73,9,9,9,9,9,82,82,73,73,73,73,73,9,9,9,9,9,9,9,9,9,82,82,9,9,9,9,9,9,9,9,73,73,9,9,82,73,9,73,9,73,73,9,9,9,9,9,9,9,9,9,9,9,9,9,9,82,82,9,9,9,9,9,9,9,9,9,9,9,9,9,9,9,9,9,9,9,9,9,9,9,9,0,0,0,0,0,0,0,0,0,0,0,0,0,
0,0,0,0,0,0,0,0,0,0,0,9,9,9,9,9,9,9,9,9,82,82,73,73,73,73,73,73,73,9,9,9,9,9,9,9,82,82,9,9,9,9,9,9,9,9,9,9,9,9,9,9,9,9,9,9,9,9,9,9,9,9,9,9,9,9,9,9,9,9,9,82,9,9,9,9,9,9,9,9,9,9,9,9,9,9,9,9,9,9,9,9,9,9,9,9,9,9,9,0,0,0,0,0,0,0,0,0,0,0,
0,0,0,0,0,0,0,0,0,0,0,0,9,9,9,9,9,9,9,9,73,73,73,73,73,73,73,73,73,73,9,9,9,9,9,9,9,82,9,9,9,9,9,9,9,9,9,9,9,9,9,9,9,9,9,9,9,9,9,9,9,9,9,9,9,9,9,9,9,9,9,9,9,9,9,9,9,9,9,9,9,9,9,9,9,9,9,9,9,9,9,9,9,9,9,9,9,9,9,0,0,0,0,0,0,0,0,0,0,0,
0,0,0,0,0,0,0,0,0,0,0,0,9,9,9,9,9,9,9,9,73,73,73,73,73,73,73,73,73,73,73,73,73,9,9,9,9,9,9,9,9,9,9,9,73,73,73,73,73,9,9,9,9,9,9,9,9,9,9,73,73,73,73,73,9,9,9,9,9,9,9,9,9,9,9,9,9,9,9,9,9,9,9,9,9,9,9,9,9,9,9,9,9,9,0,9,9,9,0,0,0,0,0,0,0,0,0,0,0,0,
0,0,0,0,0,0,0,0,0,0,0,0,0,9,9,9,9,9,9,9,9,73,73,73,73,73,73,73,73,73,73,73,73,73,9,9,9,9,9,9,9,9,73,73,73,73,73,82,82,82,82,82,82,82,82,82,82,82,82,82,73,73,73,73,73,73,9,9,9,9,9,9,9,9,9,9,9,9,9,9,9,9,9,9,9,9,9,9,9,0,9,9,9,0,0,9,9,0,0,0,0,0,0,0,0,0,0,0,0,0,
0,0,0,0,0,0,0,0,0,0,0,0,0,9,9,9,9,9,9,9,82,73,73,73,73,73,73,73,73,73,73,73,73,73,73,9,9,9,9,9,9,9,73,73,82,82,82,82,82,82,82,82,82,82,82,82,82,82,82,82,82,82,73,73,73,73,9,9,9,9,9,9,9,9,9,9,9,9,9,9,9,9,9,9,9,9,9,9,9,0,9,9,9,9,9,9,0,0,0,0,0,0,0,0,0,0,0,0,0,0,
0,0,0,0,0,0,0,0,0,0,0,0,0,0,9,9,9,9,9,9,82,9,73,73,73,73,73,73,73,73,73,73,73,73,73,9,9,9,9,9,9,9,73,73,82,82,82,82,82,82,82,82,82,82,82,82,82,82,82,82,82,82,82,73,73,9,9,9,9,9,9,9,9,9,9,9,9,9,9,9,9,9,9,9,9,9,9,9,9,9,9,9,9,9,9,9,0,0,0,0,0,0,0,0,0,0,0,0,0,0,
0,0,0,0,0,0,0,0,0,0,0,0,0,0,9,9,9,9,9,9,9,9,73,73,73,73,73,73,73,73,73,73,73,73,73,73,9,9,9,9,9,9,9,9,9,82,82,82,82,82,82,82,82,82,82,82,82,82,82,82,82,82,82,73,9,9,9,9,9,9,9,9,9,9,9,9,9,9,9,9,9,9,9,9,9,9,9,9,0,9,9,9,0,0,9,0,0,0,0,0,0,0,0,0,0,0,0,0,0,0,
0,0,0,0,0,0,0,0,0,0,0,0,0,9,9,9,9,9,9,9,9,9,73,73,73,73,73,73,73,73,73,73,73,73,73,73,73,9,9,9,9,9,9,82,9,9,82,82,82,82,82,82,82,82,82,82,82,82,82,82,82,9,9,9,82,9,9,9,9,9,9,9,9,9,9,9,9,9,9,9,9,9,9,9,9,9,9,9,0,0,0,0,9,9,9,0,0,0,0,0,0,0,0,0,0,0,0,0,0,0,
0,0,0,0,0,0,0,0,0,0,0,0,0,82,82,82,9,9,9,9,9,9,9,73,73,9,82,73,73,73,73,73,73,73,73,73,73,73,9,9,9,9,82,82,9,82,9,9,9,9,9,9,9,9,9,9,9,9,9,9,9,9,82,9,82,82,9,9,9,9,9,9,9,9,9,9,9,9,9,9,9,9,9,9,9,9,9,9,0,9,9,9,9,9,82,9,0,0,0,0,0,0,0,0,0,0,0,0,0,0,
0,0,0,0,0,0,0,0,0,0,0,0,9,82,82,82,9,9,9,82,82,9,9,73,73,9,9,73,73,73,73,73,73,73,73,73,73,9,9,9,9,9,9,9,82,82,9,9,9,9,9,9,9,9,9,9,9,9,9,9,9,9,82,82,9,9,9,9,9,9,9,9,9,9,9,9,9,9,9,9,9,9,9,9,9,9,9,9,82,73,9,9,0,0,73,73,9,0,0,0,0,0,0,0,0,0,0,0,0,0,
0,0,0,0,0,0,0,0,0,0,0,0,0,9,9,9,0,9,82,82,82,9,9,9,73,73,73,73,73,73,73,73,9,82,9,73,73,9,9,9,9,9,9,9,9,9,9,9,9,9,9,9,9,9,9,9,9,9,9,9,9,9,9,9,9,9,9,9,9,9,9,9,9,9,9,9,9,9,9,9,9,9,9,9,9,9,9,82,82,73,0,0,0,9,9,9,9,0,0,0,0,0,0,0,0,0,0,0,0,0,
0,0,0,0,0,0,0,0,0,0,0,0,0,0,0,0,0,0,9,82,9,0,0,0,9,73,73,73,73,73,73,73,9,9,73,73,9,9,9,9,9,9,9,9,9,9,9,9,9,9,9,73,73,73,73,73,73,9,9,9,9,9,9,9,9,9,9,9,9,9,9,9,9,9,9,9,9,9,9,9,9,9,9,9,9,9,0,9,73,9,0,0,0,0,0,0,0,0,0,0,0,0,0,0,0,0,0,0,0,0,
0,0,0,0,0,0,0,0,0,0,0,0,0,0,0,0,0,0,0,9,0,0,0,0,0,9,73,73,73,73,73,73,73,73,9,9,9,9,9,9,9,9,9,0,9,9,9,9,9,9,9,9,9,9,9,9,9,9,9,9,9,9,9,9,9,9,9,9,9,9,9,9,9,9,9,9,9,9,9,9,9,9,9,9,9,9,0,0,9,0,0,0,0,0,0,0,0,0,0,0,0,0,0,0,0,0,0,0,0,0,
0,0,0,0,0,0,0,0,0,0,0,0,0,0,0,0,0,0,0,0,0,0,0,0,0,0,9,9,9,9,9,9,9,9,9,9,9,9,9,9,9,0,0,0,0,0,9,0,0,0,9,9,9,9,9,9,9,9,9,0,0,0,9,9,9,9,9,9,9,9,9,9,9,9,9,9,9,9,9,9,9,9,9,9,0,9,9,0,0,0,0,0,0,0,0,0,0,0,0,0,0,0,0,0,0,0,0,0,0,0,
0,0,0,0,0,0,0,0,0,0,0,0,0,0,0,0,0,0,0,0,0,0,0,0,0,0,0,9,9,9,9,9,9,9,9,9,9,9,9,9,9,0,0,0,0,0,0,0,0,0,0,0,0,0,0,0,0,0,0,0,0,0,0,0,9,9,9,9,9,9,9,9,9,9,9,9,9,9,9,9,9,9,9,9,9,0,0,0,0,0,0,0,0,0,0,0,0,0,0,0,0,0,0,0,0,0,0,0,0,0,
0,0,0,0,0,0,0,0,0,0,0,0,0,0,0,0,0,0,0,0,0,0,0,0,0,0,0,9,9,9,9,9,9,9,9,9,9,9,9,9,0,0,0,0,0,0,0,0,0,0,0,0,0,0,0,0,0,0,0,0,0,0,0,0,9,9,9,9,9,9,9,9,9,9,9,9,9,9,9,9,9,9,9,0,0,0,0,0,0,0,0,0,0,0,0,0,0,0,0,0,0,0,0,0,0,0,0,0,0,0,
0,0,0,0,0,0,0,0,0,0,0,0,0,0,0,0,0,0,0,0,0,0,0,0,0,0,0,9,82,9,9,9,9,9,9,9,9,9,9,82,0,0,0,0,0,0,0,0,0,0,0,0,0,0,0,0,0,0,0,0,0,0,0,9,9,9,9,9,9,9,9,9,9,9,9,9,9,9,9,9,9,9,0,0,0,0,0,0,0,0,0,0,0,0,0,0,0,0,0,0,0,0,0,0,0,0,0,0,0,0,
0,0,0,0,0,0,0,0,0,0,0,0,0,0,0,0,0,0,0,0,0,0,0,0,0,0,9,82,82,82,9,9,9,9,82,9,9,9,9,82,82,0,0,0,0,0,0,0,0,0,0,0,0,0,0,0,0,0,0,0,0,0,0,0,9,9,9,9,9,9,9,9,9,9,9,9,9,9,9,9,9,0,0,0,0,0,0,0,0,0,0,0,0,0,0,0,0,0,0,0,0,0,0,0,0,0,0,0,0,0,
0,0,0,0,0,0,0,0,0,0,0,0,0,0,0,0,0,0,0,0,0,0,0,0,0,0,9,82,82,9,9,9,9,82,82,82,9,9,9,82,82,0,0,0,0,0,0,0,0,0,0,0,0,0,0,0,0,0,0,0,0,0,0,0,9,9,9,9,9,9,9,9,9,9,9,9,9,9,9,9,9,0,0,0,0,0,0,0,0,0,0,0,0,0,0,0,0,0,0,0,0,0,0,0,0,0,0,0,0,0,
0,0,0,0,0,0,0,0,0,0,0,0,0,0,0,0,0,0,0,0,0,0,0,0,0,0,9,9,9,0,0,0,9,82,82,82,9,0,0,9,9,0,0,0,0,0,0,0,0,0,0,0,0,0,0,0,0,0,0,0,0,0,9,82,82,9,9,9,9,9,9,9,9,9,9,9,9,9,9,9,0,0,0,0,0,0,0,0,0,0,0,0,0,0,0,0,0,0,0,0,0,0,0,0,0,0,0,0,0,0,
0,0,0,0,0,0,0,0,0,0,0,0,0,0,0,0,0,0,0,0,0,0,0,0,0,0,0,0,0,0,0,0,0,9,82,9,0,0,0,0,0,0,0,0,0,0,0,0,0,0,0,0,0,0,0,0,0,0,0,0,0,0,9,82,82,9,9,9,9,9,82,9,0,9,9,9,9,9,9,9,0,0,0,0,0,0,0,0,0,0,0,0,0,0,0,0,0,0,0,0,0,0,0,0,0,0,0,0,0,0,
0,0,0,0,0,0,0,0,0,0,0,0,0,0,0,0,0,0,0,0,0,0,0,0,0,0,0,0,0,0,0,0,0,0,9,0,0,0,0,0,0,0,0,0,0,0,0,0,0,0,0,0,0,0,0,0,0,0,0,0,0,9,82,82,9,0,0,0,9,82,82,9,0,9,9,9,9,82,9,0,0,0,0,0,0,0,0,0,0,0,0,0,0,0,0,0,0,0,0,0,0,0,0,0,0,0,0,0,0,0,
0,0,0,0,0,0,0,0,0,0,0,0,0,0,0,0,0,0,0,0,0,0,0,0,0,0,0,0,0,0,0,0,0,0,0,0,0,0,0,0,0,0,0,0,0,0,0,0,0,0,0,0,0,0,0,0,0,0,0,0,0,9,0,0,0,0,0,9,9,82,82,82,0,0,0,0,9,82,73,0,0,0,0,0,0,0,0,0,0,0,0,0,0,0,0,0,0,0,0,0,0,0,0,0,0,0,0,0,0,0,
0,0,0,0,0,0,0,0,0,0,0,0,0,0,0,0,0,0,0,0,0,0,0,0,0,0,0,0,0,0,0,0,0,0,0,0,0,0,0,0,0,0,0,0,0,0,0,0,0,0,0,0,0,0,0,0,0,0,0,0,0,0,0,0,0,0,0,0,0,82,82,0,0,0,0,0,0,82,9,0,0,0,0,0,0,0,0,0,0,0,0,0,0,0,0,0,0,0,0,0,0,0,0,0,0,0,0,0,0,0,
0,0,0,0,0,0,0,0,0,0,0,0,0,0,0,0,0,0,0,0,0,0,0,0,0,0,0,0,0,0,0,0,0,0,0,0,0,0,0,0,0,0,0,0,0,0,0,0,0,0,0,0,0,0,0,0,0,0,0,0,0,0,0,0,0,0,0,0,0,0,0,0,0,0,0,0,0,0,0,0,0,0,0,0,0,0,0,0,0,0,0,0,0,0,0,0,0,0,0,0,0,0,0,0,0,0,0,0,0,0,


