bulbasaur_tela_inicial: .word 110, 340
.byte 0,0,0,0,0,0,0,0,0,0,0,0,0,0,0,0,0,0,0,0,0,0,0,0,0,0,0,0,0,0,0,0,0,0,0,0,0,0,0,0,0,9,9,9,9,9,9,9,9,9,9,0,0,0,0,0,0,0,0,0,0,0,0,9,9,9,9,0,0,0,0,0,0,0,0,0,0,0,0,0,0,0,0,0,0,0,0,0,0,0,0,0,0,0,0,0,0,0,0,0,0,0,0,0,0,0,0,0,0,0,
0,0,0,0,0,0,0,0,0,0,0,0,0,0,0,0,0,0,0,0,0,0,0,0,0,0,0,0,0,0,0,0,0,0,0,0,0,9,9,9,73,73,73,73,73,73,82,82,82,82,73,9,9,0,0,0,0,0,0,0,9,9,73,73,73,73,73,73,9,9,9,0,0,0,0,0,0,0,0,0,0,0,0,0,0,0,0,0,0,0,0,0,0,0,0,0,0,0,0,0,0,0,0,0,0,0,0,0,0,0,
0,0,0,0,0,0,0,0,0,0,0,0,0,0,0,0,0,0,0,0,0,0,0,0,0,0,0,0,0,0,0,0,0,0,0,9,9,73,73,73,82,82,82,73,73,82,82,82,82,73,9,9,73,9,0,0,0,0,9,9,73,73,73,73,73,82,82,82,73,73,73,9,9,0,0,0,0,0,0,0,0,0,0,0,0,0,0,0,0,0,0,0,0,0,0,0,0,0,0,0,0,0,0,0,0,0,0,0,0,0,
0,0,0,0,0,0,0,0,0,0,0,0,0,0,0,0,0,0,0,0,0,0,0,0,0,0,0,0,0,0,0,0,0,9,9,73,73,73,73,73,82,82,82,82,73,73,73,73,9,9,9,9,9,73,9,9,9,9,9,9,73,9,9,73,82,82,82,82,73,73,73,73,73,9,9,0,0,0,0,0,0,0,0,0,0,0,0,0,0,0,0,0,0,0,0,0,0,0,0,0,0,0,0,0,0,0,0,0,0,0,
0,0,0,0,0,0,0,0,0,0,0,0,0,0,0,0,0,0,0,0,0,0,0,0,0,0,0,0,0,0,0,9,9,73,73,82,82,82,82,73,73,73,73,73,73,73,9,9,9,9,9,9,9,9,9,9,9,9,9,9,9,9,9,9,73,73,73,73,73,82,82,82,82,73,73,9,9,0,0,0,0,0,0,0,0,0,0,0,0,0,0,0,0,0,0,0,0,0,0,0,0,0,0,0,0,0,0,0,0,0,
0,0,0,0,0,0,0,0,0,0,0,0,0,0,0,0,0,0,0,0,0,0,0,0,0,0,0,0,0,0,9,9,9,9,9,9,9,9,9,9,9,9,9,73,73,73,9,82,9,9,9,9,9,9,9,9,9,9,9,9,9,9,9,9,9,73,73,73,73,9,9,9,9,9,73,73,73,9,0,0,0,0,0,0,0,0,0,0,0,0,0,0,0,0,0,0,0,0,0,0,0,0,0,0,0,0,0,0,0,0,
0,0,0,0,0,0,0,0,0,0,0,0,0,0,0,0,0,0,0,0,0,0,0,0,0,0,9,9,9,9,82,82,82,82,82,82,82,82,82,82,82,82,82,9,9,9,9,82,73,9,82,9,9,82,9,9,9,82,9,9,82,9,9,82,9,9,9,9,9,82,82,82,82,82,9,9,9,9,9,9,0,0,0,0,0,0,0,0,0,0,0,0,0,0,0,0,0,0,0,0,0,0,0,0,0,0,0,0,0,0,
0,0,0,0,0,0,0,0,0,0,0,0,0,0,0,0,0,0,0,0,0,0,0,9,9,9,82,82,82,82,82,82,82,82,82,82,82,82,82,82,82,82,82,82,82,82,9,82,82,9,82,82,9,82,82,9,82,82,9,82,82,82,9,73,9,82,82,82,82,82,82,82,82,82,82,82,82,82,82,82,9,9,9,0,0,0,0,0,0,0,0,0,0,0,0,0,0,0,0,0,0,0,0,0,0,0,0,0,0,0,
0,0,0,0,0,0,0,0,0,0,0,0,0,0,0,0,0,0,0,0,0,9,9,82,82,82,82,82,82,82,82,82,82,82,82,82,82,82,9,9,9,9,9,9,9,9,9,9,73,73,73,82,82,82,82,82,82,82,82,82,73,73,73,9,9,9,9,9,9,82,82,82,82,82,82,82,82,82,82,82,82,82,82,9,9,9,0,0,0,0,0,0,0,0,0,0,0,0,0,0,0,0,0,0,0,0,0,0,0,0,
0,0,0,0,0,0,0,0,0,0,0,0,0,0,0,0,0,0,0,9,9,73,73,82,82,82,82,82,82,82,82,82,82,82,9,9,9,9,82,82,82,82,82,82,82,82,82,82,9,9,9,73,73,82,82,82,82,73,73,73,9,9,9,82,82,82,82,82,82,9,9,9,9,9,82,82,82,82,82,82,82,82,82,82,82,73,9,9,0,0,0,0,0,0,0,0,0,0,0,0,0,0,0,0,0,0,0,0,0,0,
0,0,0,0,0,0,0,0,0,0,0,0,0,0,0,0,0,9,73,73,73,73,73,82,82,82,73,73,73,73,73,9,9,9,82,82,82,82,82,82,82,82,82,82,82,82,82,82,82,82,82,9,9,73,73,73,73,9,9,9,82,82,82,82,82,82,82,82,82,82,82,82,82,82,9,9,9,82,82,82,82,82,82,82,82,73,73,73,9,9,0,0,0,0,0,0,0,0,0,0,0,0,0,0,0,0,0,0,0,0,
0,0,0,0,0,0,0,0,0,0,0,0,0,0,0,0,9,73,73,73,73,82,82,82,82,82,82,82,82,9,9,82,82,82,82,82,82,82,82,82,82,82,82,82,82,82,82,82,82,82,82,82,82,9,73,73,9,82,82,82,82,82,82,82,82,82,82,82,82,82,82,82,82,82,82,82,82,9,9,82,82,82,82,82,82,73,73,73,73,9,9,0,0,0,0,0,0,0,0,0,0,0,0,0,0,0,0,0,0,0,
0,0,0,0,0,0,0,0,0,0,0,0,0,0,0,9,9,73,73,73,82,82,82,82,82,82,82,82,9,82,82,82,82,82,82,82,82,82,82,82,82,82,82,82,82,82,82,82,82,82,82,82,82,82,9,9,82,82,82,82,82,82,82,82,82,82,82,82,82,82,82,82,82,82,82,82,82,82,82,9,9,73,73,73,73,73,73,9,9,9,9,9,0,0,0,0,0,0,0,0,0,0,0,0,0,0,0,0,0,0,
0,0,0,0,0,0,0,0,0,0,0,0,0,0,0,9,9,9,73,73,82,82,82,82,82,82,9,9,82,82,82,82,82,82,82,82,82,82,82,82,82,82,82,82,82,82,82,82,82,82,82,82,9,9,9,9,9,9,82,82,82,82,82,82,82,82,82,82,82,82,82,82,82,82,82,82,82,82,82,73,73,9,9,9,9,9,9,9,9,9,9,9,9,0,0,0,0,0,0,0,0,0,0,0,0,0,0,0,0,0,
0,0,0,0,0,0,0,0,0,0,0,0,0,0,9,9,9,9,9,9,9,82,82,9,82,9,73,73,82,82,82,82,82,82,82,82,82,82,82,82,82,82,82,82,82,82,82,82,82,82,9,9,9,9,9,9,9,9,9,9,82,82,82,82,82,82,82,82,82,82,82,82,82,82,82,82,82,73,73,73,73,73,9,9,9,9,9,82,82,9,9,9,9,9,0,0,0,0,0,0,0,0,0,0,0,0,0,0,0,0,
0,0,0,0,0,0,0,0,0,0,0,0,0,0,9,9,9,9,9,9,9,9,9,0,9,73,73,73,82,82,82,82,82,82,82,82,82,82,82,82,82,82,82,82,82,82,82,82,82,9,9,9,9,9,9,9,9,9,9,9,9,82,82,82,82,82,82,82,82,82,82,82,82,82,82,82,82,73,73,73,73,9,73,9,9,9,9,82,82,82,9,9,9,9,0,0,0,0,0,0,0,0,0,0,0,0,0,0,0,0,
0,0,0,0,0,0,0,0,0,0,0,0,0,0,9,9,9,9,9,9,9,0,0,9,73,73,73,73,82,82,82,82,82,82,82,82,82,82,82,82,82,82,82,82,82,82,82,9,9,9,9,9,9,9,9,9,9,9,9,9,9,9,9,82,82,82,82,82,82,82,82,82,82,82,82,73,73,73,73,73,9,73,9,73,9,9,9,9,9,9,9,9,9,9,0,0,0,0,0,0,0,0,0,0,0,0,0,0,0,0,
0,0,0,0,0,0,0,0,0,0,0,0,0,0,9,9,9,9,9,0,0,0,9,9,9,73,73,73,73,82,82,82,82,82,82,82,82,82,82,82,82,82,82,82,82,9,9,9,9,9,9,0,9,9,9,0,9,9,9,0,9,9,9,9,82,82,82,82,82,73,73,73,73,73,73,73,73,73,9,9,73,9,73,9,9,9,9,9,9,9,9,9,9,9,9,0,0,0,0,0,0,0,0,0,0,0,0,0,0,0,
0,0,0,0,0,0,0,0,0,0,0,0,0,0,0,9,9,9,0,0,0,9,9,9,9,73,73,73,73,73,73,82,82,82,82,82,82,82,82,82,82,73,73,73,9,0,9,9,9,9,0,9,9,9,0,9,9,9,0,9,0,9,9,0,9,73,73,73,73,73,73,73,82,82,82,82,9,9,9,9,9,9,9,9,9,9,9,9,9,0,0,9,9,9,9,0,0,0,0,0,0,0,0,0,0,0,0,0,0,0,
0,0,0,0,0,0,0,0,0,0,0,0,0,0,0,9,9,0,0,0,9,9,9,9,9,9,73,73,73,73,73,73,82,82,82,82,82,82,73,73,73,73,73,9,0,0,9,9,9,9,9,9,9,9,9,9,9,9,9,9,9,9,9,0,0,9,9,9,9,9,9,9,82,82,82,82,9,9,9,9,9,9,9,9,9,9,9,9,9,9,0,0,9,9,0,0,0,0,0,0,0,0,0,0,0,0,0,0,0,0,
0,0,0,0,0,0,0,0,0,0,0,0,0,0,0,0,0,0,0,0,9,9,9,9,9,9,9,9,73,73,73,73,73,73,73,73,73,73,9,9,9,9,9,0,0,0,9,9,9,9,9,9,9,9,9,9,9,9,9,9,9,9,9,9,0,0,9,9,9,9,9,82,82,82,82,82,9,9,9,9,9,9,9,9,9,9,9,9,9,9,9,0,0,0,0,0,0,0,0,0,0,0,0,0,0,0,0,0,0,0,
0,0,0,0,0,0,0,0,0,0,0,0,0,0,0,0,0,0,0,0,9,9,9,9,9,9,9,9,9,9,9,9,9,9,73,9,73,9,73,9,9,9,0,0,0,0,9,9,9,9,9,9,9,9,9,9,9,9,9,9,9,9,9,9,0,0,0,9,9,9,9,82,82,82,82,82,9,9,9,9,9,9,9,9,9,9,9,9,9,9,9,0,0,0,0,0,0,0,0,0,0,0,0,0,0,0,0,0,0,0,
0,0,0,0,0,0,0,0,0,0,0,0,0,0,0,0,0,0,0,0,0,9,9,9,9,9,9,9,9,9,9,9,9,9,9,73,9,73,9,9,9,0,0,0,0,9,9,9,9,9,9,9,9,9,9,9,9,9,9,9,9,9,9,9,0,0,0,0,9,9,9,82,82,82,82,82,9,9,9,9,9,9,9,9,9,9,9,9,9,9,0,0,0,0,0,0,0,0,0,0,0,0,0,0,0,0,0,0,0,0,
0,0,0,0,0,0,0,0,0,0,0,0,0,0,0,0,0,0,0,0,0,0,0,9,9,9,9,9,9,9,9,9,9,9,9,9,9,9,9,9,9,0,0,0,0,9,9,9,9,9,9,9,9,9,9,9,9,9,9,9,9,9,9,9,0,0,0,0,9,9,9,82,82,82,82,9,9,9,9,9,9,9,9,9,9,9,9,9,0,0,0,0,0,0,0,0,0,0,0,0,0,0,0,0,0,0,0,0,0,0,
0,0,0,0,0,0,0,0,0,0,0,0,0,0,0,0,0,0,0,0,0,0,0,0,0,9,9,9,9,9,9,9,9,9,9,9,9,9,9,9,0,0,0,0,0,9,9,9,9,9,9,9,9,9,9,9,9,9,9,9,9,9,9,9,0,0,0,0,0,9,9,9,9,9,9,9,9,9,9,9,9,9,9,9,9,9,9,0,0,0,0,0,0,0,0,0,0,0,0,0,0,0,0,0,0,0,0,0,0,0,
0,0,0,0,0,0,0,0,0,0,0,0,0,0,0,0,0,0,0,0,0,0,0,0,0,0,0,0,9,9,0,9,9,9,9,9,9,9,9,0,0,0,0,0,9,9,9,9,9,9,9,9,9,9,9,9,9,9,9,9,9,9,9,9,0,0,0,0,0,0,9,9,9,9,9,9,9,9,9,9,9,9,9,9,9,0,0,0,0,0,0,0,0,0,0,0,0,0,0,0,0,0,0,0,0,0,0,0,0,0,
0,0,0,0,0,0,0,0,0,0,0,0,0,0,0,0,0,0,0,0,0,0,0,0,0,0,0,0,0,0,0,9,9,9,9,9,9,9,9,0,9,9,0,9,9,9,9,9,9,9,9,9,9,9,9,9,9,9,9,9,9,9,9,9,9,9,0,9,9,0,9,9,9,9,9,9,9,9,9,9,9,9,0,0,0,0,0,0,0,0,0,0,0,0,0,0,0,0,0,0,0,0,0,0,0,0,0,0,0,0,
0,0,0,0,0,0,0,0,0,0,0,0,0,0,0,0,0,0,0,0,0,0,0,0,0,0,0,0,0,0,0,0,0,0,9,9,9,9,9,9,9,9,9,9,9,9,9,9,9,9,9,9,9,9,9,9,9,9,9,9,9,9,9,9,9,9,9,9,9,9,0,9,9,9,9,9,0,9,9,0,0,0,0,0,0,0,0,0,0,0,0,0,0,0,0,0,0,0,0,0,0,0,0,0,0,0,0,0,0,0,
0,0,0,0,0,0,0,0,0,0,0,0,0,0,0,0,0,0,0,0,0,0,0,0,0,0,0,0,9,9,9,9,0,0,0,0,9,9,9,9,9,9,9,9,9,9,9,9,9,9,9,9,9,9,9,9,9,9,9,9,9,9,9,9,9,9,9,9,9,9,9,9,9,9,9,9,0,0,0,0,0,0,0,0,0,0,0,0,0,0,0,0,0,0,0,0,0,0,0,0,0,0,0,0,0,0,0,0,0,0,
0,0,0,0,0,0,0,0,0,0,0,0,0,0,0,0,0,0,0,0,0,0,0,9,9,9,9,9,9,9,9,9,9,9,9,9,9,9,9,9,9,9,9,9,9,9,9,9,9,9,9,9,9,9,9,9,9,9,9,9,9,9,9,9,9,9,9,9,9,9,9,9,9,9,9,9,9,9,9,9,9,9,9,9,9,0,0,0,0,0,0,0,0,0,0,0,0,0,0,0,0,0,0,0,0,0,0,0,0,0,
0,0,0,0,0,0,0,0,0,0,0,0,0,0,0,0,0,9,9,9,9,0,0,9,82,73,73,73,73,9,9,9,9,9,9,9,9,9,9,9,9,9,9,9,9,9,9,9,9,9,9,9,9,9,9,9,9,9,9,9,9,9,9,9,9,9,9,9,9,9,9,9,9,9,9,9,9,9,9,9,9,9,9,9,9,9,9,9,9,9,0,0,0,0,0,0,0,0,0,0,0,0,0,0,0,0,0,0,0,0,
0,0,0,0,0,0,0,0,0,0,0,0,9,9,9,0,0,9,82,82,82,9,9,82,9,82,82,73,9,9,9,9,9,9,9,9,9,9,9,9,9,9,9,9,9,9,9,9,9,9,9,9,9,9,9,9,9,9,9,9,9,9,9,9,9,9,9,9,9,9,9,9,9,9,9,9,9,9,9,9,9,9,9,9,9,9,9,9,9,9,9,9,9,0,0,0,0,0,0,0,0,0,0,0,0,0,0,0,0,0,
0,0,0,0,0,0,0,0,0,0,0,9,9,82,82,9,9,9,82,82,82,82,9,82,9,82,9,9,82,82,82,9,9,9,9,9,9,9,9,9,9,9,9,9,9,9,9,9,9,9,9,9,9,9,9,9,9,9,9,9,9,9,9,9,9,9,9,9,9,9,9,9,9,9,9,9,9,9,9,9,9,9,9,9,9,9,9,9,9,9,9,9,9,9,9,0,0,0,0,0,0,0,0,0,0,0,0,0,0,0,
0,0,0,0,0,0,0,0,0,0,0,9,82,82,82,82,82,82,9,82,82,82,82,82,82,82,82,82,9,9,9,9,9,9,9,9,9,9,9,9,9,9,9,9,9,9,9,9,9,9,9,9,9,82,73,9,9,9,9,9,9,9,9,9,9,9,9,9,9,9,9,9,9,9,9,9,9,9,9,9,9,9,9,9,9,9,9,9,9,9,9,9,9,9,9,9,9,9,0,0,0,0,0,0,0,0,0,0,0,0,
0,0,0,0,0,0,0,0,0,9,9,9,9,82,82,82,82,82,82,82,82,82,82,9,9,9,9,9,9,9,9,9,9,9,9,9,9,9,9,9,9,9,9,9,9,9,73,73,73,73,73,73,9,82,73,9,73,73,73,73,73,73,9,9,9,9,9,9,9,9,9,9,9,9,9,9,9,9,9,9,9,9,9,9,9,9,9,9,9,9,9,9,9,9,9,9,9,9,9,9,0,0,0,0,0,0,0,0,0,0,
0,0,0,0,0,0,0,0,9,82,82,82,82,82,82,82,82,82,82,9,9,9,9,82,82,9,82,82,9,9,9,9,9,9,9,9,9,9,9,9,9,9,73,73,73,73,73,73,73,73,73,73,9,82,73,9,73,73,73,73,73,73,73,73,9,9,9,9,9,9,9,9,9,9,9,9,9,9,9,9,9,9,9,9,9,9,9,9,9,9,9,9,9,9,9,9,9,9,9,9,0,0,0,0,0,0,0,0,0,0,
0,0,0,0,9,9,9,9,9,82,82,82,82,82,82,82,9,9,9,82,82,9,82,82,82,9,82,82,9,82,82,82,82,82,82,82,9,9,9,9,9,73,73,73,73,9,73,73,73,73,73,73,9,82,73,9,73,73,73,73,73,73,73,73,73,9,9,9,9,9,9,9,9,9,9,9,9,9,9,9,9,9,9,9,9,9,9,9,9,9,9,9,9,9,9,9,9,9,9,9,9,9,9,0,0,0,0,0,0,0,
0,0,0,9,82,82,82,82,9,9,82,82,82,82,9,9,82,82,82,82,82,9,82,82,82,82,82,82,9,82,9,9,82,82,82,82,82,73,9,9,9,73,73,9,9,73,73,73,73,73,73,82,82,82,9,82,82,82,82,73,73,73,9,9,73,9,9,9,9,9,9,9,9,9,9,9,9,9,9,9,9,9,9,9,9,9,9,9,9,9,9,9,9,9,9,9,9,9,73,73,73,73,73,9,9,0,0,0,0,0,
0,0,0,9,82,82,82,82,82,82,82,82,82,82,82,82,82,82,82,82,9,82,82,82,82,82,82,82,9,82,9,9,9,82,82,82,82,82,73,9,9,9,9,73,73,73,73,9,82,82,82,82,82,82,9,82,82,82,82,82,82,73,73,73,9,9,9,9,9,9,9,9,9,9,9,9,9,9,9,9,9,9,9,9,9,9,9,9,9,9,9,9,9,9,9,9,9,73,73,73,73,73,73,73,82,9,9,9,0,0,
0,0,0,0,9,9,82,82,82,82,82,82,82,82,82,82,82,82,82,82,9,82,82,82,82,82,82,82,82,9,82,9,9,9,82,82,82,82,82,73,9,9,73,73,73,73,9,82,82,82,82,82,82,82,9,82,82,82,82,82,82,82,82,73,73,9,9,9,9,9,9,9,9,9,9,9,9,9,9,9,9,9,9,9,9,9,9,9,9,9,9,9,9,9,9,73,73,73,73,73,73,73,73,82,82,82,82,82,9,9,
0,0,9,9,82,82,82,82,82,82,82,82,82,82,9,82,82,82,82,82,82,82,82,9,82,82,82,82,82,9,82,9,9,9,9,82,82,82,82,82,9,9,73,73,9,82,82,82,82,82,82,82,82,82,82,82,82,82,82,82,82,82,82,82,73,9,9,9,9,9,9,9,9,9,9,9,9,9,9,9,9,9,9,9,9,9,9,9,9,9,9,9,9,9,9,73,73,73,73,73,73,82,82,9,9,9,82,82,82,9,
0,0,82,82,82,82,82,82,9,82,82,82,82,82,9,82,82,82,82,82,82,82,9,9,82,82,82,82,82,82,9,73,9,9,9,9,82,82,82,82,82,82,9,9,82,82,82,82,82,82,82,82,82,82,82,82,82,82,82,9,82,82,82,82,9,9,9,9,9,9,9,9,9,9,9,9,9,9,9,9,9,9,9,9,9,9,9,9,9,9,9,9,9,73,73,9,82,73,73,82,82,82,82,82,82,9,9,9,9,0,
0,0,82,82,82,82,82,82,9,82,82,82,82,9,0,9,82,82,82,82,82,82,9,9,82,82,82,9,82,82,9,82,9,9,9,9,9,82,82,82,82,82,9,9,82,82,82,82,9,9,82,82,82,82,82,82,82,82,82,82,9,82,82,9,9,9,9,9,9,9,9,9,9,9,9,9,9,9,9,9,9,9,9,9,9,9,9,9,73,73,73,9,73,73,73,9,9,82,82,82,9,82,82,82,82,9,0,0,0,0,
0,0,82,9,9,82,82,9,9,82,82,82,9,0,9,82,82,82,9,82,82,82,9,9,82,82,82,9,9,9,9,82,9,9,73,82,82,82,82,82,82,82,82,9,9,82,9,9,9,82,82,82,82,82,82,82,82,82,82,82,82,9,9,9,9,9,9,9,9,9,9,9,9,9,9,9,9,9,9,9,9,9,9,9,9,9,9,9,9,73,73,73,9,73,73,73,9,9,82,82,82,9,82,82,82,82,9,9,0,0,
0,0,9,9,82,82,9,9,82,82,82,9,9,0,9,9,9,9,9,82,82,9,9,9,9,9,9,9,9,9,9,82,73,73,82,82,82,82,82,82,82,82,82,9,9,9,9,9,82,82,82,82,82,82,82,82,82,82,82,82,82,9,9,9,9,9,9,9,9,9,9,9,9,9,9,9,9,9,9,9,9,9,9,9,9,9,9,9,9,9,9,9,9,9,9,9,9,0,9,82,82,82,9,9,82,82,82,9,0,0,
0,0,0,9,9,9,0,9,9,9,9,9,0,0,9,9,9,9,9,9,9,9,9,9,9,9,9,9,9,9,9,82,82,82,82,82,82,82,82,82,82,82,82,82,9,9,9,82,82,82,82,82,82,82,82,82,82,9,82,82,82,9,9,9,9,9,9,9,9,9,9,9,9,9,9,9,9,9,9,9,9,9,9,9,9,9,9,9,9,9,9,9,9,9,9,9,0,0,0,9,9,9,9,0,9,9,9,9,0,0,
0,0,0,0,9,9,0,9,9,9,9,0,0,0,9,9,9,9,9,9,9,9,9,9,9,9,9,9,9,9,82,82,82,82,82,82,9,9,73,82,82,82,82,82,82,82,9,82,82,82,9,82,82,82,82,82,82,82,9,82,9,9,9,9,9,9,9,9,9,9,9,9,9,9,9,9,9,9,9,9,9,9,9,9,9,9,9,9,9,9,9,9,9,9,9,9,9,0,0,0,0,0,0,0,0,0,0,0,0,0,
0,0,0,0,0,0,0,0,0,0,0,0,0,9,9,9,9,9,9,9,9,9,9,73,73,9,9,9,9,82,82,82,82,82,82,9,82,82,82,82,82,82,82,82,82,82,9,9,82,9,9,82,82,82,9,82,82,82,9,9,9,9,9,9,9,9,9,9,9,9,9,9,9,9,9,9,9,9,9,9,9,9,9,9,9,9,9,9,9,9,9,9,9,9,9,9,9,0,0,0,0,0,0,0,0,0,0,0,0,0,
0,0,0,0,0,0,0,0,0,0,0,0,0,9,9,9,9,9,9,9,9,9,9,73,73,73,73,9,82,82,82,82,82,82,9,82,82,82,82,82,82,82,9,82,82,82,9,9,9,9,82,82,82,82,9,82,82,82,9,9,9,9,9,9,9,9,9,9,9,9,9,9,9,9,9,9,9,9,9,9,9,9,9,9,9,9,9,9,9,9,9,9,9,9,9,9,9,9,0,0,0,0,0,0,0,0,0,0,0,0,
0,0,0,0,0,0,0,0,0,0,0,0,9,9,9,9,9,9,9,9,9,9,73,73,73,73,9,82,82,82,82,82,82,82,73,9,9,82,82,82,82,73,9,9,82,82,82,82,9,9,82,82,82,9,9,9,82,9,9,9,9,9,9,9,9,9,9,9,9,9,9,82,82,9,9,9,9,9,9,9,9,9,9,9,9,9,9,9,9,9,9,9,9,9,9,9,9,9,0,0,0,0,0,0,0,0,0,0,0,0,
0,0,0,0,0,0,0,0,0,0,0,0,9,9,9,9,9,9,9,9,9,9,73,73,73,73,9,82,82,82,82,82,82,82,9,82,82,9,9,82,73,73,9,9,82,82,82,82,82,82,9,9,82,9,9,9,9,9,9,9,9,9,9,9,9,9,9,9,9,82,9,82,82,9,9,9,9,9,9,9,9,9,9,9,9,9,9,9,9,9,9,9,9,9,9,9,9,9,9,0,0,0,0,0,0,0,0,0,0,0,
0,0,0,0,0,0,0,0,0,0,0,9,9,9,9,9,9,9,9,9,9,73,73,73,73,9,73,82,82,82,82,82,82,82,9,82,82,9,82,9,9,9,9,9,82,82,82,82,82,82,9,9,9,9,9,9,9,9,73,73,73,9,9,9,9,9,9,9,9,9,9,82,82,9,9,9,9,9,9,9,9,9,9,9,9,9,9,9,9,9,9,9,9,9,9,9,9,9,9,0,0,0,0,0,0,0,0,0,0,0,
0,0,0,0,0,0,0,0,0,0,0,9,9,9,73,9,9,9,9,9,9,73,73,73,73,9,73,82,82,82,82,82,82,82,9,82,82,9,9,9,9,9,9,9,82,82,82,82,82,82,82,9,9,9,9,9,9,73,73,73,73,73,73,9,9,9,82,9,9,9,9,82,82,9,9,9,9,9,9,9,9,9,9,9,9,9,9,9,9,9,9,9,9,9,9,9,9,9,9,9,0,0,0,0,0,0,0,0,0,0,
0,0,0,0,0,0,0,0,0,0,0,9,9,9,9,9,9,9,9,9,9,73,73,73,9,73,73,82,82,82,82,82,82,82,82,82,82,82,9,9,9,82,9,82,82,82,82,82,82,82,82,73,9,9,9,9,73,73,73,73,73,73,73,73,9,9,82,82,82,82,82,82,9,9,9,9,9,9,9,9,9,9,9,9,9,9,9,9,9,9,9,9,9,9,9,9,9,9,9,9,0,0,0,0,0,0,0,0,0,0,
0,0,0,0,0,0,0,0,0,0,9,9,9,9,9,9,9,9,9,9,9,82,73,73,9,73,73,73,82,82,82,82,82,82,82,9,82,82,82,82,82,82,9,82,82,82,82,82,82,82,82,73,9,9,9,9,73,73,73,73,73,73,73,73,73,73,9,82,82,82,82,9,9,9,9,9,9,9,9,9,9,9,9,9,9,9,9,9,9,9,9,9,9,9,9,9,9,9,9,9,0,0,0,0,0,0,0,0,0,0,
0,0,0,0,0,0,0,0,0,0,9,9,9,9,9,9,9,9,9,9,73,82,82,73,73,9,9,73,73,73,82,82,82,82,82,82,9,82,82,82,82,9,82,82,82,82,82,82,82,82,82,73,9,9,9,9,73,73,73,73,73,73,73,73,73,73,73,73,9,9,9,9,9,9,9,9,9,9,9,9,9,9,9,9,9,9,9,9,9,9,9,9,9,9,9,9,9,9,9,9,0,0,0,0,0,0,0,0,0,0,
0,0,0,0,0,0,0,0,0,0,9,9,9,9,9,9,9,9,9,9,82,82,82,73,73,9,9,9,9,9,9,73,73,73,82,82,82,9,9,9,9,82,82,82,82,82,82,82,82,82,82,73,73,9,9,73,73,73,73,73,73,73,73,73,73,73,9,9,9,9,9,9,9,9,9,9,9,9,9,9,9,9,9,9,9,9,9,9,9,9,9,9,9,9,9,9,9,9,9,9,0,0,0,0,0,0,0,0,0,0,
0,0,0,0,0,0,0,0,0,0,9,9,9,9,9,9,9,9,9,9,82,82,82,73,73,73,9,9,9,9,9,9,9,73,73,73,73,73,82,82,82,82,82,82,82,82,82,82,82,82,82,73,73,73,9,73,73,73,73,73,73,73,9,9,9,9,9,9,9,9,9,9,9,9,9,9,9,9,9,9,9,9,9,9,9,9,9,9,9,9,9,9,9,9,9,9,9,9,9,9,0,0,0,0,0,0,0,0,0,0,
0,0,0,0,0,0,0,0,0,0,9,9,9,9,73,9,9,9,9,9,82,82,82,73,73,73,9,9,9,9,9,9,9,9,9,9,9,9,73,73,73,73,73,82,82,82,82,82,82,82,82,73,73,9,73,73,73,73,73,73,73,9,9,9,9,9,9,9,9,9,9,82,82,9,9,9,9,9,9,9,9,9,9,9,9,9,9,9,9,9,9,9,9,9,9,9,9,9,0,9,0,0,0,0,0,0,0,0,0,0,
0,0,0,0,0,0,0,0,0,0,0,9,9,9,73,9,9,9,9,9,82,82,73,73,73,73,73,9,9,9,9,9,9,9,9,9,82,82,9,9,9,9,9,9,9,9,73,73,9,9,82,73,9,73,9,73,73,9,9,9,9,9,9,9,9,9,9,9,9,9,9,82,82,9,9,9,9,9,9,9,9,9,9,9,9,9,9,9,9,9,9,9,9,9,9,9,9,0,0,0,0,0,0,0,0,0,0,0,0,0,
0,0,0,0,0,0,0,0,0,0,0,9,9,9,9,9,9,9,9,9,82,82,73,73,73,73,73,73,73,9,9,9,9,9,9,9,82,82,9,9,9,9,9,9,9,9,9,9,9,9,9,9,9,9,9,9,9,9,9,9,9,9,9,9,9,9,9,9,9,9,9,82,9,9,9,9,9,9,9,9,9,9,9,9,9,9,9,9,9,9,9,9,9,9,9,9,9,9,9,0,0,0,0,0,0,0,0,0,0,0,
0,0,0,0,0,0,0,0,0,0,0,0,9,9,9,9,9,9,9,9,73,73,73,73,73,73,73,73,73,73,9,9,9,9,9,9,9,82,9,9,9,9,9,9,9,9,9,9,9,9,9,9,9,9,9,9,9,9,9,9,9,9,9,9,9,9,9,9,9,9,9,9,9,9,9,9,9,9,9,9,9,9,9,9,9,9,9,9,9,9,9,9,9,9,9,9,9,9,9,0,0,0,0,0,0,0,0,0,0,0,
0,0,0,0,0,0,0,0,0,0,0,0,9,9,9,9,9,9,9,9,73,73,73,73,73,73,73,73,73,73,73,73,73,9,9,9,9,9,9,9,9,9,9,9,73,73,73,73,73,9,9,9,9,9,9,9,9,9,9,73,73,73,73,73,9,9,9,9,9,9,9,9,9,9,9,9,9,9,9,9,9,9,9,9,9,9,9,9,9,9,9,9,9,9,0,9,9,9,0,0,0,0,0,0,0,0,0,0,0,0,
0,0,0,0,0,0,0,0,0,0,0,0,0,9,9,9,9,9,9,9,9,73,73,73,73,73,73,73,73,73,73,73,73,73,9,9,9,9,9,9,9,9,73,73,73,73,73,82,82,82,82,82,82,82,82,82,82,82,82,82,73,73,73,73,73,73,9,9,9,9,9,9,9,9,9,9,9,9,9,9,9,9,9,9,9,9,9,9,9,0,9,9,9,0,0,9,9,0,0,0,0,0,0,0,0,0,0,0,0,0,
0,0,0,0,0,0,0,0,0,0,0,0,0,9,9,9,9,9,9,9,82,73,73,73,73,73,73,73,73,73,73,73,73,73,73,9,9,9,9,9,9,9,73,73,82,82,82,82,82,82,82,82,82,82,82,82,82,82,82,82,82,82,73,73,73,73,9,9,9,9,9,9,9,9,9,9,9,9,9,9,9,9,9,9,9,9,9,9,9,0,9,9,9,9,9,9,0,0,0,0,0,0,0,0,0,0,0,0,0,0,
0,0,0,0,0,0,0,0,0,0,0,0,0,0,9,9,9,9,9,9,82,9,73,73,73,73,73,73,73,73,73,73,73,73,73,9,9,9,9,9,9,9,73,73,82,82,82,82,82,82,82,82,82,82,82,82,82,82,82,82,82,82,82,73,73,9,9,9,9,9,9,9,9,9,9,9,9,9,9,9,9,9,9,9,9,9,9,9,9,9,9,9,9,9,9,9,0,0,0,0,0,0,0,0,0,0,0,0,0,0,
0,0,0,0,0,0,0,0,0,0,0,0,0,0,9,9,9,9,9,9,9,9,73,73,73,73,73,73,73,73,73,73,73,73,73,73,9,9,9,9,9,9,9,9,9,82,82,82,82,82,82,82,82,82,82,82,82,82,82,82,82,82,82,73,9,9,9,9,9,9,9,9,9,9,9,9,9,9,9,9,9,9,9,9,9,9,9,9,0,9,9,9,0,0,9,0,0,0,0,0,0,0,0,0,0,0,0,0,0,0,
0,0,0,0,0,0,0,0,0,0,0,0,0,9,9,9,9,9,9,9,9,9,73,73,73,73,73,73,73,73,73,73,73,73,73,73,73,9,9,9,9,9,9,82,9,9,82,82,82,82,82,82,82,82,82,82,82,82,82,82,82,9,9,9,82,9,9,9,9,9,9,9,9,9,9,9,9,9,9,9,9,9,9,9,9,9,9,9,0,0,0,0,9,9,9,0,0,0,0,0,0,0,0,0,0,0,0,0,0,0,
0,0,0,0,0,0,0,0,0,0,0,0,0,82,82,82,9,9,9,9,9,9,9,73,73,9,82,73,73,73,73,73,73,73,73,73,73,73,9,9,9,9,82,82,9,82,9,9,9,9,9,9,9,9,9,9,9,9,9,9,9,9,82,9,82,82,9,9,9,9,9,9,9,9,9,9,9,9,9,9,9,9,9,9,9,9,9,9,0,9,9,9,9,9,82,9,0,0,0,0,0,0,0,0,0,0,0,0,0,0,
0,0,0,0,0,0,0,0,0,0,0,0,9,82,82,82,9,9,9,82,82,9,9,73,73,9,9,73,73,73,73,73,73,73,73,73,73,9,9,9,9,9,9,9,82,82,9,9,9,9,9,9,9,9,9,9,9,9,9,9,9,9,82,82,9,9,9,9,9,9,9,9,9,9,9,9,9,9,9,9,9,9,9,9,9,9,9,9,82,73,9,9,0,0,73,73,9,0,0,0,0,0,0,0,0,0,0,0,0,0,
0,0,0,0,0,0,0,0,0,0,0,0,0,9,9,9,0,9,82,82,82,9,9,9,73,73,73,73,73,73,73,73,9,82,9,73,73,9,9,9,9,9,9,9,9,9,9,9,9,9,9,9,9,9,9,9,9,9,9,9,9,9,9,9,9,9,9,9,9,9,9,9,9,9,9,9,9,9,9,9,9,9,9,9,9,9,9,82,82,73,0,0,0,9,9,9,9,0,0,0,0,0,0,0,0,0,0,0,0,0,
0,0,0,0,0,0,0,0,0,0,0,0,0,0,0,0,0,0,9,82,9,0,0,0,9,73,73,73,73,73,73,73,9,9,73,73,9,9,9,9,9,9,9,9,9,9,9,9,9,9,9,73,73,73,73,73,73,9,9,9,9,9,9,9,9,9,9,9,9,9,9,9,9,9,9,9,9,9,9,9,9,9,9,9,9,9,0,9,73,9,0,0,0,0,0,0,0,0,0,0,0,0,0,0,0,0,0,0,0,0,
0,0,0,0,0,0,0,0,0,0,0,0,0,0,0,0,0,0,0,9,0,0,0,0,0,9,73,73,73,73,73,73,73,73,9,9,9,9,9,9,9,9,9,0,9,9,9,9,9,9,9,9,9,9,9,9,9,9,9,9,9,9,9,9,9,9,9,9,9,9,9,9,9,9,9,9,9,9,9,9,9,9,9,9,9,9,0,0,9,0,0,0,0,0,0,0,0,0,0,0,0,0,0,0,0,0,0,0,0,0,
0,0,0,0,0,0,0,0,0,0,0,0,0,0,0,0,0,0,0,0,0,0,0,0,0,0,9,9,9,9,9,9,9,9,9,9,9,9,9,9,9,0,0,0,0,0,9,0,0,0,9,9,9,9,9,9,9,9,9,0,0,0,9,9,9,9,9,9,9,9,9,9,9,9,9,9,9,9,9,9,9,9,9,9,0,9,9,0,0,0,0,0,0,0,0,0,0,0,0,0,0,0,0,0,0,0,0,0,0,0,
0,0,0,0,0,0,0,0,0,0,0,0,0,0,0,0,0,0,0,0,0,0,0,0,0,0,0,9,9,9,9,9,9,9,9,9,9,9,9,9,9,0,0,0,0,0,0,0,0,0,0,0,0,0,0,0,0,0,0,0,0,0,0,0,9,9,9,9,9,9,9,9,9,9,9,9,9,9,9,9,9,9,9,9,9,0,0,0,0,0,0,0,0,0,0,0,0,0,0,0,0,0,0,0,0,0,0,0,0,0,
0,0,0,0,0,0,0,0,0,0,0,0,0,0,0,0,0,0,0,0,0,0,0,0,0,0,0,9,9,9,9,9,9,9,9,9,9,9,9,9,0,0,0,0,0,0,0,0,0,0,0,0,0,0,0,0,0,0,0,0,0,0,0,0,9,9,9,9,9,9,9,9,9,9,9,9,9,9,9,9,9,9,9,0,0,0,0,0,0,0,0,0,0,0,0,0,0,0,0,0,0,0,0,0,0,0,0,0,0,0,
0,0,0,0,0,0,0,0,0,0,0,0,0,0,0,0,0,0,0,0,0,0,0,0,0,0,0,9,82,9,9,9,9,9,9,9,9,9,9,82,0,0,0,0,0,0,0,0,0,0,0,0,0,0,0,0,0,0,0,0,0,0,0,9,9,9,9,9,9,9,9,9,9,9,9,9,9,9,9,9,9,9,0,0,0,0,0,0,0,0,0,0,0,0,0,0,0,0,0,0,0,0,0,0,0,0,0,0,0,0,
0,0,0,0,0,0,0,0,0,0,0,0,0,0,0,0,0,0,0,0,0,0,0,0,0,0,9,82,82,82,9,9,9,9,82,9,9,9,9,82,82,0,0,0,0,0,0,0,0,0,0,0,0,0,0,0,0,0,0,0,0,0,0,0,9,9,9,9,9,9,9,9,9,9,9,9,9,9,9,9,9,0,0,0,0,0,0,0,0,0,0,0,0,0,0,0,0,0,0,0,0,0,0,0,0,0,0,0,0,0,
0,0,0,0,0,0,0,0,0,0,0,0,0,0,0,0,0,0,0,0,0,0,0,0,0,0,9,82,82,9,9,9,9,82,82,82,9,9,9,82,82,0,0,0,0,0,0,0,0,0,0,0,0,0,0,0,0,0,0,0,0,0,0,0,9,9,9,9,9,9,9,9,9,9,9,9,9,9,9,9,9,0,0,0,0,0,0,0,0,0,0,0,0,0,0,0,0,0,0,0,0,0,0,0,0,0,0,0,0,0,
0,0,0,0,0,0,0,0,0,0,0,0,0,0,0,0,0,0,0,0,0,0,0,0,0,0,9,9,9,0,0,0,9,82,82,82,9,0,0,9,9,0,0,0,0,0,0,0,0,0,0,0,0,0,0,0,0,0,0,0,0,0,9,82,82,9,9,9,9,9,9,9,9,9,9,9,9,9,9,9,0,0,0,0,0,0,0,0,0,0,0,0,0,0,0,0,0,0,0,0,0,0,0,0,0,0,0,0,0,0,
0,0,0,0,0,0,0,0,0,0,0,0,0,0,0,0,0,0,0,0,0,0,0,0,0,0,0,0,0,0,0,0,0,9,82,9,0,0,0,0,0,0,0,0,0,0,0,0,0,0,0,0,0,0,0,0,0,0,0,0,0,0,9,82,82,9,9,9,9,9,82,9,0,9,9,9,9,9,9,9,0,0,0,0,0,0,0,0,0,0,0,0,0,0,0,0,0,0,0,0,0,0,0,0,0,0,0,0,0,0,
0,0,0,0,0,0,0,0,0,0,0,0,0,0,0,0,0,0,0,0,0,0,0,0,0,0,0,0,0,0,0,0,0,0,9,0,0,0,0,0,0,0,0,0,0,0,0,0,0,0,0,0,0,0,0,0,0,0,0,0,0,9,82,82,9,0,0,0,9,82,82,9,0,9,9,9,9,82,9,0,0,0,0,0,0,0,0,0,0,0,0,0,0,0,0,0,0,0,0,0,0,0,0,0,0,0,0,0,0,0,
0,0,0,0,0,0,0,0,0,0,0,0,0,0,0,0,0,0,0,0,0,0,0,0,0,0,0,0,0,0,0,0,0,0,0,0,0,0,0,0,0,0,0,0,0,0,0,0,0,0,0,0,0,0,0,0,0,0,0,0,0,9,0,0,0,0,0,9,9,82,82,82,0,0,0,0,9,82,73,0,0,0,0,0,0,0,0,0,0,0,0,0,0,0,0,0,0,0,0,0,0,0,0,0,0,0,0,0,0,0,
0,0,0,0,0,0,0,0,0,0,0,0,0,0,0,0,0,0,0,0,0,0,0,0,0,0,0,0,0,0,0,0,0,0,0,0,0,0,0,0,0,0,0,0,0,0,0,0,0,0,0,0,0,0,0,0,0,0,0,0,0,0,0,0,0,0,0,0,0,82,82,0,0,0,0,0,0,82,9,0,0,0,0,0,0,0,0,0,0,0,0,0,0,0,0,0,0,0,0,0,0,0,0,0,0,0,0,0,0,0,
0,0,0,0,0,0,0,0,0,0,0,0,0,0,0,0,0,0,0,0,0,0,0,0,0,0,0,0,0,0,0,0,0,0,0,0,0,0,0,0,0,0,0,0,0,0,0,0,0,0,0,0,0,0,0,0,0,0,0,0,0,0,0,0,0,0,0,0,0,0,0,0,0,0,0,0,0,0,0,0,0,0,0,0,0,0,0,0,0,0,0,0,0,0,0,0,0,0,0,0,0,0,0,0,0,0,0,0,0,0,
0,0,0,0,0,0,0,0,0,0,0,0,0,0,0,0,0,0,0,0,0,0,0,0,0,0,0,0,0,0,0,0,0,0,0,0,0,0,0,0,0,73,73,73,73,73,73,73,73,73,73,0,0,0,0,0,0,0,0,0,0,0,0,73,73,73,73,0,0,0,0,0,0,0,0,0,0,0,0,0,0,0,0,0,0,0,0,0,0,0,0,0,0,0,0,0,0,0,0,0,0,0,0,0,0,0,0,0,0,0,
0,0,0,0,0,0,0,0,0,0,0,0,0,0,0,0,0,0,0,0,0,0,0,0,0,0,0,0,0,0,0,0,0,0,0,0,0,73,73,73,82,82,82,82,82,82,91,91,91,91,82,73,73,0,0,0,0,0,0,0,73,73,82,82,82,82,82,82,73,73,73,0,0,0,0,0,0,0,0,0,0,0,0,0,0,0,0,0,0,0,0,0,0,0,0,0,0,0,0,0,0,0,0,0,0,0,0,0,0,0,
0,0,0,0,0,0,0,0,0,0,0,0,0,0,0,0,0,0,0,0,0,0,0,0,0,0,0,0,0,0,0,0,0,0,0,73,73,82,82,82,91,91,91,82,82,91,91,91,91,82,9,73,82,73,0,0,0,0,73,73,82,82,82,82,82,91,91,91,82,82,82,73,73,0,0,0,0,0,0,0,0,0,0,0,0,0,0,0,0,0,0,0,0,0,0,0,0,0,0,0,0,0,0,0,0,0,0,0,0,0,
0,0,0,0,0,0,0,0,0,0,0,0,0,0,0,0,0,0,0,0,0,0,0,0,0,0,0,0,0,0,0,0,0,73,73,82,82,82,82,82,91,91,91,91,82,82,82,82,9,9,9,73,9,82,9,9,9,9,9,73,82,9,9,82,91,91,91,91,82,82,82,82,82,73,73,0,0,0,0,0,0,0,0,0,0,0,0,0,0,0,0,0,0,0,0,0,0,0,0,0,0,0,0,0,0,0,0,0,0,0,
0,0,0,0,0,0,0,0,0,0,0,0,0,0,0,0,0,0,0,0,0,0,0,0,0,0,0,0,0,0,0,73,73,82,82,91,91,91,91,82,82,82,82,82,82,82,73,9,9,73,9,73,73,9,73,73,73,9,73,73,9,73,9,9,82,82,82,82,82,91,91,91,91,82,82,73,73,0,0,0,0,0,0,0,0,0,0,0,0,0,0,0,0,0,0,0,0,0,0,0,0,0,0,0,0,0,0,0,0,0,
0,0,0,0,0,0,0,0,0,0,0,0,0,0,0,0,0,0,0,0,0,0,0,0,0,0,0,0,0,0,73,73,73,73,73,73,73,73,73,73,73,73,73,82,82,82,73,82,9,73,73,73,73,9,9,73,9,9,73,73,9,9,73,9,73,82,82,82,82,73,73,73,73,73,82,82,82,73,0,0,0,0,0,0,0,0,0,0,0,0,0,0,0,0,0,0,0,0,0,0,0,0,0,0,0,0,0,0,0,0,
0,0,0,0,0,0,0,0,0,0,0,0,0,0,0,0,0,0,0,0,0,0,0,0,0,0,73,73,73,73,91,91,91,91,82,82,82,82,82,82,82,82,82,73,73,73,73,82,82,73,82,9,73,82,73,73,73,82,73,73,82,73,73,82,73,73,73,73,73,91,91,91,82,82,73,73,73,73,73,73,0,0,0,0,0,0,0,0,0,0,0,0,0,0,0,0,0,0,0,0,0,0,0,0,0,0,0,0,0,0,
0,0,0,0,0,0,0,0,0,0,0,0,0,0,0,0,0,0,0,0,0,0,0,73,73,73,91,91,91,91,91,91,82,82,82,82,82,82,82,82,82,82,82,82,82,82,73,82,82,9,82,82,9,82,82,73,82,82,9,82,82,82,73,82,73,82,82,82,82,91,91,91,91,82,82,82,82,82,82,82,73,73,73,0,0,0,0,0,0,0,0,0,0,0,0,0,0,0,0,0,0,0,0,0,0,0,0,0,0,0,
0,0,0,0,0,0,0,0,0,0,0,0,0,0,0,0,0,0,0,0,0,73,73,82,82,82,91,91,91,91,91,82,82,82,82,82,82,82,73,73,73,73,73,73,73,73,73,73,82,82,82,82,82,82,82,82,82,82,82,82,82,82,82,73,73,73,73,73,73,82,82,82,82,82,82,82,82,82,82,82,82,82,82,73,73,73,0,0,0,0,0,0,0,0,0,0,0,0,0,0,0,0,0,0,0,0,0,0,0,0,
0,0,0,0,0,0,0,0,0,0,0,0,0,0,0,0,0,0,0,73,73,82,82,82,82,82,82,82,82,82,82,82,82,82,73,73,73,73,82,82,91,91,91,91,82,82,82,82,73,73,73,82,82,82,82,82,82,82,82,82,73,73,73,82,82,82,82,82,82,73,73,73,73,73,82,82,82,82,82,91,91,91,91,82,82,82,73,73,0,0,0,0,0,0,0,0,0,0,0,0,0,0,0,0,0,0,0,0,0,0,
0,0,0,0,0,0,0,0,0,0,0,0,0,0,0,0,0,73,82,82,82,82,82,91,91,91,82,82,82,82,82,73,73,73,82,82,82,82,82,82,91,91,91,82,82,82,82,82,82,82,82,73,73,82,82,82,82,73,73,73,82,91,91,91,91,91,82,82,82,82,82,82,82,82,73,73,73,82,82,91,91,91,91,91,91,82,82,82,73,73,0,0,0,0,0,0,0,0,0,0,0,0,0,0,0,0,0,0,0,0,
0,0,0,0,0,0,0,0,0,0,0,0,0,0,0,0,73,82,82,82,82,91,91,91,91,91,82,82,82,73,73,82,82,82,82,82,91,91,91,82,82,82,82,82,82,82,82,82,82,82,82,82,82,73,82,82,73,82,82,82,82,91,91,91,91,82,82,82,82,82,82,82,82,82,82,82,82,73,73,82,91,91,91,91,91,82,82,82,82,73,73,0,0,0,0,0,0,0,0,0,0,0,0,0,0,0,0,0,0,0,
0,0,0,0,0,0,0,0,0,0,0,0,0,0,0,73,73,82,82,82,91,91,91,91,91,91,82,82,73,82,82,82,82,82,82,91,91,91,91,91,82,82,82,82,82,82,82,82,82,82,82,82,82,82,73,73,82,82,82,82,82,82,82,82,82,82,82,82,82,82,82,82,82,82,82,82,82,82,82,73,73,82,82,82,82,82,82,73,73,73,73,73,0,0,0,0,0,0,0,0,0,0,0,0,0,0,0,0,0,0,
0,0,0,0,0,0,0,0,0,0,0,0,0,0,0,73,73,73,82,82,91,91,91,91,91,82,73,73,82,82,82,82,82,82,91,91,91,91,91,91,82,82,82,82,82,82,82,82,82,82,82,82,9,9,9,9,9,9,82,82,82,82,82,82,82,82,82,82,82,82,82,82,82,82,82,82,82,82,82,82,82,73,73,73,73,73,73,73,73,73,73,73,73,0,0,0,0,0,0,0,0,0,0,0,0,0,0,0,0,0,
0,0,0,0,0,0,0,0,0,0,0,0,0,0,73,73,73,73,73,73,73,91,82,73,82,73,82,82,82,82,82,82,82,82,91,91,91,91,91,91,82,82,82,82,91,91,91,91,91,82,9,9,9,9,9,9,9,9,9,9,82,82,82,82,82,82,82,82,82,82,82,82,82,91,91,91,91,82,82,82,82,82,73,73,73,73,73,91,82,73,73,73,73,73,0,0,0,0,0,0,0,0,0,0,0,0,0,0,0,0,
0,0,0,0,0,0,0,0,0,0,0,0,0,0,73,73,73,73,73,73,73,9,9,0,73,82,82,82,82,82,82,82,82,82,91,91,91,91,91,82,82,82,82,91,91,91,91,91,82,9,9,9,9,9,9,9,9,9,9,9,9,82,82,82,82,82,82,82,82,82,82,82,82,91,91,91,82,82,82,82,82,73,82,73,73,73,73,91,91,82,73,73,73,73,0,0,0,0,0,0,0,0,0,0,0,0,0,0,0,0,
0,0,0,0,0,0,0,0,0,0,0,0,0,0,73,73,73,73,73,9,9,0,0,73,82,82,82,82,82,82,82,82,82,82,91,91,91,91,91,82,82,82,82,91,91,91,82,9,9,9,9,9,9,9,9,9,9,9,9,9,9,9,9,82,82,82,82,82,82,82,82,82,82,82,82,82,82,82,82,82,73,82,73,82,73,73,73,73,73,73,73,73,73,73,0,0,0,0,0,0,0,0,0,0,0,0,0,0,0,0,
0,0,0,0,0,0,0,0,0,0,0,0,0,0,73,73,73,73,9,0,0,0,73,73,73,82,82,82,82,82,82,82,82,82,91,91,91,91,82,82,82,82,82,82,82,9,9,9,73,9,9,9,73,9,9,9,9,9,9,9,9,9,9,9,82,82,82,82,82,82,82,82,82,82,82,82,82,82,73,73,82,73,82,73,73,73,73,9,9,9,9,73,73,73,9,0,0,0,0,0,0,0,0,0,0,0,0,0,0,0,
0,0,0,0,0,0,0,0,0,0,0,0,0,0,0,73,73,9,0,0,0,73,73,73,73,82,82,82,82,82,82,82,82,82,82,91,91,82,82,82,82,82,82,82,9,0,9,73,73,73,9,73,73,73,9,9,9,9,9,9,9,9,9,0,9,82,82,82,82,82,82,82,82,82,91,91,73,73,73,73,73,73,73,73,73,73,73,73,9,0,0,9,73,73,9,0,0,0,0,0,0,0,0,0,0,0,0,0,0,0,
0,0,0,0,0,0,0,0,0,0,0,0,0,0,0,9,9,0,0,0,73,73,73,73,73,73,82,82,82,82,82,82,82,82,82,82,82,82,82,82,82,82,82,9,0,0,9,73,73,73,73,73,73,73,73,73,73,73,9,9,9,9,9,0,0,9,73,73,73,73,73,73,91,91,91,91,73,73,73,73,73,73,73,73,73,73,73,73,73,9,0,0,9,9,0,0,0,0,0,0,0,0,0,0,0,0,0,0,0,0,
0,0,0,0,0,0,0,0,0,0,0,0,0,0,0,0,0,0,0,0,73,73,73,73,73,73,73,73,82,82,82,82,82,82,82,82,82,82,73,73,73,73,9,0,0,0,9,73,73,73,73,73,73,73,73,73,73,73,73,9,9,9,9,9,0,0,9,73,73,73,73,82,91,91,91,91,73,73,73,73,73,73,73,73,73,73,73,73,73,73,9,0,0,0,0,0,0,0,0,0,0,0,0,0,0,0,0,0,0,0,
0,0,0,0,0,0,0,0,0,0,0,0,0,0,0,0,0,0,0,0,73,73,73,73,73,73,73,73,73,73,73,73,73,73,82,73,82,73,82,73,73,9,0,0,0,0,9,73,73,73,73,73,73,9,9,73,9,73,73,73,9,9,9,9,0,0,0,9,73,73,73,91,91,91,91,82,73,73,73,73,73,73,73,73,73,73,9,73,73,73,9,0,0,0,0,0,0,0,0,0,0,0,0,0,0,0,0,0,0,0,
0,0,0,0,0,0,0,0,0,0,0,0,0,0,0,0,0,0,0,0,0,9,9,73,73,73,73,73,73,73,73,73,73,73,73,82,73,82,73,73,9,0,0,0,0,9,73,73,73,9,73,73,73,9,73,9,73,9,73,73,9,9,9,9,0,0,0,0,9,73,73,91,91,91,91,82,73,73,73,73,73,73,73,73,73,73,73,9,9,9,0,0,0,0,0,0,0,0,0,0,0,0,0,0,0,0,0,0,0,0,
0,0,0,0,0,0,0,0,0,0,0,0,0,0,0,0,0,0,0,0,0,0,0,9,9,73,73,73,73,73,73,73,73,73,73,73,73,73,73,73,9,0,0,0,0,9,9,73,9,73,9,73,9,73,73,73,73,9,73,9,73,9,9,9,0,0,0,0,9,9,73,82,91,91,82,73,73,73,73,73,73,73,73,73,73,73,73,9,0,0,0,0,0,0,0,0,0,0,0,0,0,0,0,0,0,0,0,0,0,0,
0,0,0,0,0,0,0,0,0,0,0,0,0,0,0,0,0,0,0,0,0,0,0,0,0,9,9,9,73,73,73,73,73,73,73,73,73,73,73,9,0,0,0,0,0,9,73,9,73,73,73,9,73,73,73,73,73,73,9,73,73,73,9,9,0,0,0,0,0,9,73,73,73,73,73,73,73,73,73,73,73,73,73,73,73,9,9,0,0,0,0,0,0,0,0,0,0,0,0,0,0,0,0,0,0,0,0,0,0,0,
0,0,0,0,0,0,0,0,0,0,0,0,0,0,0,0,0,0,0,0,0,0,0,0,0,0,0,0,9,9,0,9,73,73,73,73,73,73,9,0,0,0,0,0,9,9,73,73,73,73,73,73,73,73,73,73,73,73,73,73,73,73,73,9,0,0,0,0,0,0,9,73,73,73,73,9,73,73,73,73,73,73,9,9,9,0,0,0,0,0,0,0,0,0,0,0,0,0,0,0,0,0,0,0,0,0,0,0,0,0,
0,0,0,0,0,0,0,0,0,0,0,0,0,0,0,0,0,0,0,0,0,0,0,0,0,0,0,0,0,0,0,9,9,9,73,73,73,73,9,0,9,9,0,9,9,9,73,73,73,73,73,73,73,73,73,73,73,73,73,73,73,73,73,9,9,9,0,9,9,0,9,73,73,73,73,9,9,73,73,9,9,9,0,0,0,0,0,0,0,0,0,0,0,0,0,0,0,0,0,0,0,0,0,0,0,0,0,0,0,0,
0,0,0,0,0,0,0,0,0,0,0,0,0,0,0,0,0,0,0,0,0,0,0,0,0,0,0,0,0,0,0,0,0,0,9,9,9,9,9,9,9,9,9,9,9,9,73,73,73,73,73,73,73,73,73,73,73,73,73,73,73,73,73,9,9,9,9,9,9,9,0,9,73,73,73,9,0,9,9,0,0,0,0,0,0,0,0,0,0,0,0,0,0,0,0,0,0,0,0,0,0,0,0,0,0,0,0,0,0,0,
0,0,0,0,0,0,0,0,0,0,0,0,0,0,0,0,0,0,0,0,0,0,0,0,0,0,0,0,9,9,9,9,0,0,0,0,9,9,9,9,9,9,9,9,9,9,73,73,73,9,73,73,73,9,73,9,9,73,73,73,9,73,73,9,9,9,9,9,9,9,9,9,73,73,73,9,0,0,0,0,0,0,0,0,0,0,0,0,0,0,0,0,0,0,0,0,0,0,0,0,0,0,0,0,0,0,0,0,0,0,
0,0,0,0,0,0,0,0,0,0,0,0,0,0,0,0,0,0,0,0,0,0,0,73,9,9,9,73,9,73,73,73,73,9,9,73,9,9,9,9,9,9,9,9,9,9,9,73,9,73,9,73,9,73,9,73,73,9,73,9,73,9,73,9,9,9,9,9,9,9,9,9,9,9,9,9,9,9,9,9,9,9,9,9,9,0,0,0,0,0,0,0,0,0,0,0,0,0,0,0,0,0,0,0,0,0,0,0,0,0,
0,0,0,0,0,0,0,0,0,0,0,0,0,0,0,0,0,73,73,73,73,0,0,73,82,82,82,82,82,73,73,73,73,73,73,73,73,9,9,9,9,9,9,9,9,9,9,73,73,73,73,9,73,73,73,73,73,73,9,73,73,73,9,9,9,9,9,9,9,73,73,73,73,73,73,9,73,73,73,9,9,73,73,73,9,9,9,9,9,9,0,0,0,0,0,0,0,0,0,0,0,0,0,0,0,0,0,0,0,0,
0,0,0,0,0,0,0,0,0,0,0,0,73,73,73,0,0,73,82,82,82,73,73,82,73,82,82,82,73,73,73,73,73,73,73,73,73,73,73,9,9,9,9,9,9,9,9,9,9,73,73,73,73,73,73,73,73,73,73,73,73,9,9,9,9,9,9,73,73,73,73,73,73,73,73,73,73,73,73,73,73,73,73,73,9,73,73,73,73,9,9,9,9,0,0,0,0,0,0,0,0,0,0,0,0,0,0,0,0,0,
0,0,0,0,0,0,0,0,0,0,0,73,73,82,82,73,73,73,82,82,82,82,73,82,73,82,73,73,82,82,82,73,73,73,73,73,73,73,73,9,9,9,9,9,73,73,73,73,73,9,9,73,73,9,9,9,73,73,9,9,9,73,73,73,73,9,73,73,73,73,73,73,73,73,73,73,73,73,73,73,73,73,73,73,73,73,73,73,73,73,9,73,9,9,9,0,0,0,0,0,0,0,0,0,0,0,0,0,0,0,
0,0,0,0,0,0,0,0,0,0,0,73,82,82,82,82,82,82,73,82,82,82,82,91,91,91,82,82,73,73,73,73,73,73,73,73,73,73,73,9,9,9,9,73,73,73,73,73,73,73,73,9,73,82,82,73,9,9,73,73,73,73,73,73,73,9,73,73,73,73,73,73,73,73,9,9,9,9,9,9,9,9,9,9,73,73,73,73,73,73,73,73,73,73,73,9,9,9,0,0,0,0,0,0,0,0,0,0,0,0,
0,0,0,0,0,0,0,0,0,73,73,73,73,82,82,82,82,82,82,82,91,91,91,73,73,73,73,73,73,73,73,73,73,73,73,73,73,73,73,73,73,73,73,9,9,9,82,82,82,82,82,82,73,82,82,73,82,82,82,82,82,82,9,9,9,9,9,73,73,73,9,9,9,9,73,73,73,73,73,9,73,9,73,73,9,9,9,9,9,9,73,73,73,73,9,73,73,9,9,9,0,0,0,0,0,0,0,0,0,0,
0,0,0,0,0,0,0,0,73,91,91,91,82,82,82,82,82,91,91,73,73,73,73,82,82,73,82,82,73,9,9,9,9,9,9,9,73,73,73,73,9,9,82,82,82,82,82,82,82,82,82,82,73,82,82,73,82,82,82,82,82,82,82,82,73,73,9,9,9,9,73,73,73,73,73,73,73,73,73,9,73,73,73,9,73,73,9,73,73,73,9,9,9,73,73,73,73,9,73,9,0,0,0,0,0,0,0,0,0,0,
0,0,0,0,73,73,73,73,73,91,91,91,82,82,82,91,73,73,73,82,82,73,82,82,82,73,82,82,73,91,91,91,91,82,82,82,9,9,9,9,73,82,82,82,82,73,82,82,82,82,82,82,73,82,82,73,82,82,82,82,82,82,82,82,82,73,73,9,73,73,73,73,73,73,73,73,9,9,73,9,73,73,73,73,9,73,73,9,73,73,73,73,73,9,9,73,73,73,73,9,9,9,9,0,0,0,0,0,0,0,
0,0,0,73,91,91,91,91,73,73,91,91,82,82,73,73,82,82,82,82,82,73,82,82,82,82,82,82,73,91,9,9,91,91,82,82,82,82,73,73,73,82,82,73,73,82,82,82,82,82,82,82,82,91,73,82,82,82,82,82,82,82,73,73,82,73,73,9,73,73,73,73,73,73,73,9,9,9,73,9,73,73,73,73,73,9,73,73,73,73,73,73,9,73,73,73,73,73,82,82,82,82,82,9,9,0,0,0,0,0,
0,0,0,73,91,91,91,91,91,91,91,91,82,82,82,82,82,82,82,82,73,82,82,82,82,82,82,82,73,91,73,73,9,91,91,82,82,82,82,73,73,73,73,82,82,82,82,73,82,82,82,82,82,91,73,82,82,82,82,82,82,82,82,82,73,73,73,9,73,73,73,73,73,73,9,9,9,9,73,9,73,73,73,73,73,73,73,73,73,73,73,73,73,9,73,73,73,82,82,82,82,82,82,82,82,73,73,73,0,0,
0,0,0,0,73,73,91,91,91,91,91,91,91,82,82,82,82,82,82,82,73,82,82,82,82,82,82,82,82,73,91,73,73,9,91,91,82,82,82,82,73,73,82,82,82,82,73,82,82,82,82,82,82,91,73,82,82,82,82,82,82,82,82,82,82,73,9,9,73,73,73,73,73,9,9,9,9,9,73,9,73,73,73,73,73,73,73,73,73,73,73,73,73,73,9,82,82,82,82,82,82,82,82,82,82,82,82,82,73,73,
0,0,73,73,91,91,91,91,91,91,91,91,91,91,9,82,82,82,82,82,82,82,82,9,82,82,82,82,82,73,91,73,73,73,9,91,91,82,82,82,73,73,82,82,73,82,82,82,82,82,82,82,82,91,82,82,82,82,82,82,82,82,82,82,82,73,9,9,73,73,73,73,9,9,9,9,9,73,9,73,9,73,73,73,73,73,73,73,73,73,73,73,73,73,9,82,82,82,82,82,82,82,82,73,73,73,82,82,82,73,
0,0,91,91,91,91,91,91,73,91,91,91,91,91,9,91,91,91,82,82,82,82,9,9,82,82,82,82,82,82,73,82,73,73,73,9,91,91,82,82,82,82,73,73,82,82,82,82,82,82,82,82,82,82,82,82,82,82,82,73,82,82,82,82,73,9,9,9,73,73,73,9,9,9,9,9,9,73,9,73,9,9,73,73,73,73,9,73,73,73,73,73,73,82,82,9,82,82,82,82,82,82,82,82,82,73,73,73,9,0,
0,0,91,91,91,91,91,91,73,91,91,91,91,9,0,9,91,91,91,91,91,91,9,9,82,82,82,9,82,82,73,91,73,73,73,73,9,91,82,82,82,82,73,9,82,82,82,82,9,73,82,82,82,82,82,82,82,82,82,82,73,82,82,9,73,9,9,9,73,73,73,73,73,9,9,9,73,73,9,9,9,73,9,73,73,73,73,9,82,82,82,9,82,82,82,73,9,82,82,82,73,82,82,82,82,9,0,0,0,0,
0,0,91,73,73,91,91,73,9,91,91,91,9,0,9,91,91,91,9,91,91,91,9,9,82,82,82,9,9,9,73,91,73,73,82,91,91,91,82,82,82,82,82,73,73,82,73,9,73,82,82,82,82,82,82,82,82,82,82,82,82,73,73,73,9,9,9,73,73,73,73,73,73,73,73,9,73,9,73,73,73,73,9,9,73,73,73,9,9,82,82,82,9,82,82,82,9,9,82,82,82,9,82,82,82,82,9,9,0,0,
0,0,73,73,91,91,9,9,91,91,91,73,9,0,9,73,73,9,9,91,91,9,73,9,9,9,9,9,73,73,73,91,82,82,91,91,91,91,82,82,82,82,82,73,73,9,9,73,82,82,82,82,82,82,82,82,82,82,82,82,82,73,9,9,9,9,9,73,73,73,73,73,73,73,73,73,73,9,73,73,73,73,73,73,9,9,9,9,9,9,9,9,9,9,9,9,9,0,9,82,82,82,9,9,82,82,82,9,0,0,
0,0,0,9,73,73,0,9,73,73,73,9,0,0,9,9,9,9,9,9,9,9,73,73,9,73,73,73,73,73,9,91,91,91,91,91,91,82,82,82,82,82,82,82,73,73,9,82,82,82,82,82,82,82,82,82,82,73,82,82,82,73,9,9,9,9,73,73,73,9,9,73,73,73,73,73,73,73,9,73,73,73,73,73,73,73,73,9,9,9,9,9,9,9,9,9,0,0,0,9,9,9,9,0,9,9,9,9,0,0,
0,0,0,0,9,9,0,9,9,9,9,0,0,0,9,73,73,73,73,73,73,73,73,9,73,73,73,73,73,73,91,91,91,91,91,91,73,73,82,82,82,82,82,82,82,82,9,82,82,82,73,82,82,82,82,82,82,82,73,82,73,9,9,73,73,73,73,73,73,73,73,9,9,73,73,73,73,73,73,9,73,73,73,73,73,73,73,9,9,9,9,9,9,9,9,9,9,0,0,0,0,0,0,0,0,0,0,0,0,0,
0,0,0,0,0,0,0,0,0,0,0,0,0,9,73,73,73,73,73,73,73,73,9,82,82,73,73,73,73,91,91,91,91,91,91,73,91,91,91,91,82,82,82,82,82,82,73,9,82,73,73,82,82,82,73,82,82,82,9,9,9,9,9,73,73,73,73,73,73,73,73,73,73,73,73,73,73,73,73,73,9,73,73,73,73,73,73,73,9,9,9,9,9,9,9,9,9,0,0,0,0,0,0,0,0,0,0,0,0,0,
0,0,0,0,0,0,0,0,0,0,0,0,0,9,73,73,73,73,73,73,73,73,9,82,82,82,82,73,82,91,91,91,91,91,73,82,91,91,82,82,82,82,73,82,82,82,73,73,9,73,82,82,82,82,73,82,82,82,9,9,9,9,73,73,73,73,73,73,73,73,73,73,73,73,73,73,73,73,73,73,9,73,73,73,73,73,73,73,9,9,9,9,9,9,9,9,9,9,0,0,0,0,0,0,0,0,0,0,0,0,
0,0,0,0,0,0,0,0,0,0,0,0,9,73,73,73,73,73,73,73,73,73,82,82,82,82,73,82,82,82,91,91,91,91,82,73,73,82,82,82,82,82,73,73,82,82,82,82,73,9,82,82,82,73,9,73,82,73,9,9,73,73,73,73,73,73,73,73,73,9,9,91,91,73,73,73,73,73,73,73,73,9,73,73,73,73,73,73,9,9,9,9,9,9,9,9,9,9,0,0,0,0,0,0,0,0,0,0,0,0,
0,0,0,0,0,0,0,0,0,0,0,0,9,73,73,73,73,73,73,73,73,73,82,82,82,82,73,82,82,82,82,82,91,91,73,91,91,73,9,82,82,82,73,73,82,82,82,82,82,82,9,9,82,73,9,9,9,9,73,73,73,73,73,73,73,73,73,73,9,91,9,91,91,9,73,73,73,73,73,73,73,9,73,73,73,73,73,73,73,9,9,9,9,9,9,9,9,9,9,0,0,0,0,0,0,0,0,0,0,0,
0,0,0,0,0,0,0,0,0,0,0,9,73,73,9,73,73,73,73,73,73,82,82,82,82,73,82,82,82,82,82,82,82,82,73,91,91,9,82,9,9,73,73,73,82,82,82,82,82,82,73,73,9,9,9,9,9,73,82,82,82,73,73,9,73,73,73,9,9,9,9,91,91,9,73,73,73,73,73,73,73,73,9,73,73,73,73,73,73,9,9,9,9,9,9,9,9,9,9,0,0,0,0,0,0,0,0,0,0,0,
0,0,0,0,0,0,0,0,0,0,0,9,73,9,82,73,73,73,73,73,73,82,82,82,82,73,82,82,82,82,82,82,82,82,73,91,91,73,9,9,9,9,73,73,82,82,82,82,82,82,82,73,73,73,73,73,73,82,82,82,82,82,82,9,73,9,91,73,9,9,73,91,91,9,73,73,73,73,73,73,73,73,73,9,73,73,73,73,73,9,9,9,9,9,9,9,9,9,9,9,0,0,0,0,0,0,0,0,0,0,
0,0,0,0,0,0,0,0,0,0,0,9,73,73,73,73,73,73,73,73,73,82,82,82,73,82,82,82,82,82,82,82,82,82,82,91,91,91,73,73,73,91,73,82,82,82,82,82,82,82,82,82,73,73,73,73,82,82,82,82,82,82,82,82,9,73,91,91,91,91,91,91,9,73,73,73,73,73,73,73,73,73,73,9,73,73,73,73,73,9,9,9,9,9,9,9,9,9,9,9,0,0,0,0,0,0,0,0,0,0,
0,0,0,0,0,0,0,0,0,0,9,73,73,73,73,73,73,73,73,73,73,82,82,82,73,82,82,82,82,82,82,82,82,82,82,73,91,91,91,91,91,91,73,82,82,82,82,82,82,82,82,82,73,73,73,73,82,82,82,82,82,82,82,82,82,82,9,91,91,91,91,9,73,73,73,73,73,73,73,73,73,73,73,9,73,73,73,73,73,73,9,9,9,9,9,9,9,9,9,9,0,0,0,0,0,0,0,0,0,0,
0,0,0,0,0,0,0,0,0,0,9,73,73,73,73,73,73,73,73,73,82,91,82,82,82,73,73,82,82,82,82,82,82,82,82,82,73,91,91,91,91,73,82,82,82,82,82,82,82,82,82,82,73,73,73,73,82,82,82,82,82,82,82,82,82,82,82,82,9,9,9,73,73,73,73,73,73,9,73,73,73,73,9,73,73,73,73,73,73,73,9,9,9,9,9,9,9,9,9,9,0,0,0,0,0,0,0,0,0,0,
0,0,0,0,0,0,0,0,0,0,9,73,73,73,73,73,73,73,73,73,91,91,82,82,82,9,73,73,73,73,9,82,82,82,82,82,82,73,73,73,73,82,82,82,82,82,82,82,82,82,82,82,82,73,73,82,82,82,82,82,82,82,82,82,82,82,73,73,73,73,73,73,73,73,73,9,9,9,73,73,73,73,9,73,73,73,73,73,73,73,9,9,9,9,9,9,9,9,9,9,0,0,0,0,0,0,0,0,0,0,
0,0,0,0,0,0,0,0,0,0,9,73,73,73,73,73,73,73,73,73,91,82,82,82,82,82,9,73,73,73,73,9,9,82,82,82,82,82,82,82,82,82,82,82,82,82,82,82,82,91,82,82,82,82,73,82,82,82,82,82,82,82,73,73,73,73,73,73,73,73,9,9,9,9,9,73,73,73,73,73,73,9,73,73,73,73,73,73,73,73,9,9,9,9,9,9,9,9,9,9,0,0,0,0,0,0,0,0,0,0,
0,0,0,0,0,0,0,0,0,0,9,73,73,73,82,73,73,73,73,73,91,82,82,82,82,82,9,73,73,73,73,73,73,9,9,9,9,9,82,82,82,82,82,82,82,82,82,82,82,91,91,82,82,73,82,82,82,82,82,82,82,73,73,73,73,9,9,9,9,9,9,91,91,9,73,73,73,73,73,73,73,73,73,73,73,73,73,73,73,73,9,9,9,9,9,9,9,9,0,9,0,0,0,0,0,0,0,0,0,0,
0,0,0,0,0,0,0,0,0,0,0,9,73,9,82,73,73,73,73,9,91,82,82,82,82,82,82,9,9,73,73,73,73,73,73,9,91,91,9,9,9,9,9,73,73,73,82,82,73,9,82,82,73,82,73,82,82,73,9,9,73,73,73,9,9,9,9,9,9,9,9,91,91,9,73,73,73,73,73,9,9,73,73,73,73,73,73,73,73,73,9,9,9,9,9,9,9,0,0,0,0,0,0,0,0,0,0,0,0,0,
0,0,0,0,0,0,0,0,0,0,0,9,73,73,73,73,73,73,73,9,82,82,82,82,82,82,82,82,82,9,9,73,73,73,73,9,91,91,9,9,9,9,73,9,9,9,73,73,73,73,73,73,73,73,73,73,73,73,73,73,73,9,9,73,73,73,9,9,9,9,9,91,9,73,73,73,73,9,9,9,9,73,73,73,73,73,73,73,73,73,9,9,9,9,9,9,9,9,9,0,0,0,0,0,0,0,0,0,0,0,
0,0,0,0,0,0,0,0,0,0,0,0,9,73,73,73,73,73,73,9,82,82,82,82,82,82,82,82,82,82,9,9,9,73,73,73,9,91,9,9,9,73,73,73,73,73,9,9,9,73,73,73,73,73,73,73,73,73,73,9,9,73,73,73,73,73,73,9,9,9,9,9,73,73,73,9,9,9,9,9,73,73,73,73,73,73,73,73,73,73,9,9,9,9,9,9,9,9,9,0,0,0,0,0,0,0,0,0,0,0,
0,0,0,0,0,0,0,0,0,0,0,0,9,9,9,73,73,73,73,9,82,82,82,82,82,82,82,82,82,82,82,82,82,9,73,73,73,9,9,9,9,73,73,73,82,82,82,82,82,9,9,9,9,9,9,9,9,9,9,82,82,82,82,82,73,73,73,9,9,9,9,9,73,73,9,9,9,9,73,73,73,73,73,73,73,73,73,73,73,73,9,9,9,9,0,9,9,9,0,0,0,0,0,0,0,0,0,0,0,0,
0,0,0,0,0,0,0,0,0,0,0,0,0,9,9,9,9,9,9,9,9,82,82,82,82,82,82,82,82,82,82,82,82,82,9,73,73,9,9,9,9,73,82,82,82,82,82,82,82,82,82,82,82,82,82,82,82,82,82,82,82,82,82,82,82,82,73,9,9,9,9,9,73,9,9,9,9,73,73,73,73,73,73,73,73,73,73,73,73,0,9,9,9,0,0,9,9,0,0,0,0,0,0,0,0,0,0,0,0,0,
0,0,0,0,0,0,0,0,0,0,0,0,0,9,9,9,9,9,9,9,82,82,82,82,82,82,82,82,82,82,82,82,82,82,82,9,73,9,9,9,9,73,82,82,82,82,82,82,82,82,82,82,82,82,82,82,82,82,82,82,82,82,82,82,82,82,73,9,9,9,9,73,73,9,9,9,73,73,73,73,73,73,73,73,73,73,73,73,73,0,9,9,9,9,9,9,0,0,0,0,0,0,0,0,0,0,0,0,0,0,
0,0,0,0,0,0,0,0,0,0,0,0,0,0,9,9,9,9,9,9,82,73,82,82,82,82,82,82,82,82,82,82,82,82,82,9,73,73,9,9,9,9,82,82,82,82,82,82,82,82,82,82,82,82,82,82,82,82,82,82,82,82,82,82,82,73,9,9,9,9,73,73,9,9,9,9,73,73,73,73,73,73,73,9,73,73,73,73,73,9,9,9,9,9,9,9,0,0,0,0,0,0,0,0,0,0,0,0,0,0,
0,0,0,0,0,0,0,0,0,0,0,0,0,0,9,9,9,9,9,9,9,73,82,82,82,82,82,82,82,82,82,82,82,82,82,82,9,73,73,9,9,9,9,9,73,82,82,82,82,82,82,82,82,82,82,82,82,82,82,82,82,82,82,82,9,9,9,9,9,73,73,9,9,9,9,9,73,73,73,73,73,73,73,9,73,73,73,9,0,9,9,9,0,0,9,0,0,0,0,0,0,0,0,0,0,0,0,0,0,0,
0,0,0,0,0,0,0,0,0,0,0,0,0,73,9,9,9,9,9,9,9,9,82,82,82,82,82,82,82,82,82,82,82,82,82,82,82,9,73,73,9,9,9,91,9,9,82,82,82,82,82,82,82,82,82,82,82,82,82,82,82,73,9,9,91,9,9,9,73,73,9,9,9,9,9,9,9,73,73,73,73,9,9,9,73,73,9,9,0,0,0,0,9,9,9,0,0,0,0,0,0,0,0,0,0,0,0,0,0,0,
0,0,0,0,0,0,0,0,0,0,0,0,0,82,91,91,9,9,9,9,9,9,9,82,82,9,82,82,82,82,82,82,82,82,82,82,82,82,9,73,73,9,91,91,9,91,9,73,73,73,73,73,73,73,73,73,73,73,73,73,9,9,91,9,91,91,9,73,73,9,9,9,9,9,9,9,9,9,9,73,73,73,73,73,9,9,9,9,0,9,9,9,9,9,82,9,0,0,0,0,0,0,0,0,0,0,0,0,0,0,
0,0,0,0,0,0,0,0,0,0,0,0,73,91,91,82,9,9,9,91,82,9,9,82,82,73,9,82,82,82,82,82,82,82,82,82,82,73,73,9,9,73,73,9,91,91,9,9,9,9,9,9,9,9,9,9,9,9,9,9,9,9,91,91,9,73,73,73,9,9,9,9,9,9,9,9,9,9,9,9,9,9,9,9,9,9,9,9,82,82,9,9,0,0,82,82,9,0,0,0,0,0,0,0,0,0,0,0,0,0,
0,0,0,0,0,0,0,0,0,0,0,0,0,73,73,73,0,9,91,91,82,9,9,9,82,82,82,82,82,82,82,82,9,82,9,82,82,73,73,73,9,9,73,73,73,9,9,9,9,9,9,9,9,9,9,9,9,9,9,9,9,9,9,9,73,73,73,9,9,9,9,9,9,73,9,9,9,9,9,9,9,9,9,9,9,9,9,82,82,82,0,0,0,9,9,9,9,0,0,0,0,0,0,0,0,0,0,0,0,0,
0,0,0,0,0,0,0,0,0,0,0,0,0,0,0,0,0,0,73,91,9,0,0,0,9,82,82,82,82,82,82,82,73,9,82,82,73,73,73,73,9,73,9,9,73,73,73,9,9,9,73,82,82,82,82,82,82,73,9,9,9,73,73,73,73,73,9,9,9,9,9,9,9,9,9,9,9,9,9,9,9,9,9,9,9,9,0,9,82,9,0,0,0,0,0,0,0,0,0,0,0,0,0,0,0,0,0,0,0,0,
0,0,0,0,0,0,0,0,0,0,0,0,0,0,0,0,0,0,0,9,0,0,0,0,0,9,82,82,82,82,82,82,82,82,73,73,73,73,73,73,9,73,9,0,9,9,73,73,73,73,73,73,73,73,73,73,73,73,73,73,73,73,73,73,9,9,9,9,9,9,9,9,9,9,9,9,9,9,9,9,9,9,9,9,9,9,0,0,9,0,0,0,0,0,0,0,0,0,0,0,0,0,0,0,0,0,0,0,0,0,
0,0,0,0,0,0,0,0,0,0,0,0,0,0,0,0,0,0,0,0,0,0,0,0,0,0,9,73,73,73,73,73,73,73,73,73,73,73,73,9,73,0,0,0,0,0,9,0,0,0,9,9,9,9,9,9,9,9,9,0,0,0,9,9,9,9,9,9,9,9,9,9,9,9,9,9,9,9,9,9,9,9,9,9,0,9,9,0,0,0,0,0,0,0,0,0,0,0,0,0,0,0,0,0,0,0,0,0,0,0,
0,0,0,0,0,0,0,0,0,0,0,0,0,0,0,0,0,0,0,0,0,0,0,0,0,0,0,73,73,73,73,73,73,73,73,73,73,73,9,73,73,0,0,0,0,0,0,0,0,0,0,0,0,0,0,0,0,0,0,0,0,0,0,0,9,9,9,9,9,9,9,9,9,9,9,9,9,9,73,9,9,9,9,9,9,0,0,0,0,0,0,0,0,0,0,0,0,0,0,0,0,0,0,0,0,0,0,0,0,0,
0,0,0,0,0,0,0,0,0,0,0,0,0,0,0,0,0,0,0,0,0,0,0,0,0,0,0,9,73,73,73,73,9,9,73,9,9,73,73,73,0,0,0,0,0,0,0,0,0,0,0,0,0,0,0,0,0,0,0,0,0,0,0,0,9,9,9,9,9,9,9,9,9,9,9,9,9,9,9,9,9,9,9,0,0,0,0,0,0,0,0,0,0,0,0,0,0,0,0,0,0,0,0,0,0,0,0,0,0,0,
0,0,0,0,0,0,0,0,0,0,0,0,0,0,0,0,0,0,0,0,0,0,0,0,0,0,0,73,91,73,73,73,73,73,73,73,73,73,73,82,0,0,0,0,0,0,0,0,0,0,0,0,0,0,0,0,0,0,0,0,0,0,0,9,9,9,9,9,9,9,9,9,9,9,9,9,9,9,9,9,9,9,0,0,0,0,0,0,0,0,0,0,0,0,0,0,0,0,0,0,0,0,0,0,0,0,0,0,0,0,
0,0,0,0,0,0,0,0,0,0,0,0,0,0,0,0,0,0,0,0,0,0,0,0,0,0,73,91,91,82,73,73,73,73,82,9,73,73,73,91,82,0,0,0,0,0,0,0,0,0,0,0,0,0,0,0,0,0,0,0,0,0,0,0,9,9,9,9,9,9,9,9,9,9,9,9,9,9,9,9,9,0,0,0,0,0,0,0,0,0,0,0,0,0,0,0,0,0,0,0,0,0,0,0,0,0,0,0,0,0,
0,0,0,0,0,0,0,0,0,0,0,0,0,0,0,0,0,0,0,0,0,0,0,0,0,0,73,91,82,9,9,9,9,82,91,82,9,9,9,82,91,0,0,0,0,0,0,0,0,0,0,0,0,0,0,0,0,0,0,0,0,0,0,0,9,9,9,9,9,9,9,9,9,9,9,9,9,9,9,9,9,0,0,0,0,0,0,0,0,0,0,0,0,0,0,0,0,0,0,0,0,0,0,0,0,0,0,0,0,0,
0,0,0,0,0,0,0,0,0,0,0,0,0,0,0,0,0,0,0,0,0,0,0,0,0,0,73,9,9,0,0,0,73,91,91,82,73,0,0,9,9,0,0,0,0,0,0,0,0,0,0,0,0,0,0,0,0,0,0,0,0,0,73,91,91,9,9,9,9,9,9,9,9,9,9,9,9,9,9,9,0,0,0,0,0,0,0,0,0,0,0,0,0,0,0,0,0,0,0,0,0,0,0,0,0,0,0,0,0,0,
0,0,0,0,0,0,0,0,0,0,0,0,0,0,0,0,0,0,0,0,0,0,0,0,0,0,0,0,0,0,0,0,0,73,91,73,0,0,0,0,0,0,0,0,0,0,0,0,0,0,0,0,0,0,0,0,0,0,0,0,0,0,73,91,82,9,9,9,9,9,91,9,0,9,9,9,9,9,9,9,0,0,0,0,0,0,0,0,0,0,0,0,0,0,0,0,0,0,0,0,0,0,0,0,0,0,0,0,0,0,
0,0,0,0,0,0,0,0,0,0,0,0,0,0,0,0,0,0,0,0,0,0,0,0,0,0,0,0,0,0,0,0,0,0,73,0,0,0,0,0,0,0,0,0,0,0,0,0,0,0,0,0,0,0,0,0,0,0,0,0,0,73,91,91,9,0,0,0,9,91,91,9,0,9,9,9,9,91,9,0,0,0,0,0,0,0,0,0,0,0,0,0,0,0,0,0,0,0,0,0,0,0,0,0,0,0,0,0,0,0,
0,0,0,0,0,0,0,0,0,0,0,0,0,0,0,0,0,0,0,0,0,0,0,0,0,0,0,0,0,0,0,0,0,0,0,0,0,0,0,0,0,0,0,0,0,0,0,0,0,0,0,0,0,0,0,0,0,0,0,0,0,73,0,0,0,0,0,9,9,91,91,82,0,0,0,0,9,91,82,0,0,0,0,0,0,0,0,0,0,0,0,0,0,0,0,0,0,0,0,0,0,0,0,0,0,0,0,0,0,0,
0,0,0,0,0,0,0,0,0,0,0,0,0,0,0,0,0,0,0,0,0,0,0,0,0,0,0,0,0,0,0,0,0,0,0,0,0,0,0,0,0,0,0,0,0,0,0,0,0,0,0,0,0,0,0,0,0,0,0,0,0,0,0,0,0,0,0,0,9,91,91,9,0,0,0,0,9,91,82,0,0,0,0,0,0,0,0,0,0,0,0,0,0,0,0,0,0,0,0,0,0,0,0,0,0,0,0,0,0,0,
0,0,0,0,0,0,0,0,0,0,0,0,0,0,0,0,0,0,0,0,0,0,0,0,0,0,0,0,0,0,0,0,0,0,0,0,0,0,0,0,0,0,0,0,0,0,0,0,0,0,0,0,0,0,0,0,0,0,0,0,0,0,0,0,0,0,0,0,0,9,9,0,0,0,0,0,0,9,9,0,0,0,0,0,0,0,0,0,0,0,0,0,0,0,0,0,0,0,0,0,0,0,0,0,0,0,0,0,0,0,
0,0,0,0,0,0,0,0,0,0,0,0,0,0,0,0,0,0,0,0,0,0,0,0,0,0,0,0,0,0,0,0,0,0,0,0,0,0,0,0,0,82,82,82,82,82,82,82,82,82,82,0,0,0,0,0,0,0,0,0,0,0,0,82,82,82,82,0,0,0,0,0,0,0,0,0,0,0,0,0,0,0,0,0,0,0,0,0,0,0,0,0,0,0,0,0,0,0,0,0,0,0,0,0,0,0,0,0,0,0,
0,0,0,0,0,0,0,0,0,0,0,0,0,0,0,0,0,0,0,0,0,0,0,0,0,0,0,0,0,0,0,0,0,0,0,0,0,82,82,82,91,91,91,91,91,91,164,173,173,164,91,82,82,0,0,0,0,0,0,0,82,82,91,91,91,91,91,91,82,82,82,0,0,0,0,0,0,0,0,0,0,0,0,0,0,0,0,0,0,0,0,0,0,0,0,0,0,0,0,0,0,0,0,0,0,0,0,0,0,0,
0,0,0,0,0,0,0,0,0,0,0,0,0,0,0,0,0,0,0,0,0,0,0,0,0,0,0,0,0,0,0,0,0,0,0,82,82,91,91,91,173,173,164,91,91,164,173,173,164,91,73,82,91,82,0,0,0,0,82,82,91,91,91,91,91,164,173,173,91,91,91,82,82,0,0,0,0,0,0,0,0,0,0,0,0,0,0,0,0,0,0,0,0,0,0,0,0,0,0,0,0,0,0,0,0,0,0,0,0,0,
0,0,0,0,0,0,0,0,0,0,0,0,0,0,0,0,0,0,0,0,0,0,0,0,0,0,0,0,0,0,0,0,0,82,82,91,91,91,91,91,164,173,173,164,91,91,91,91,73,73,73,82,73,91,73,73,73,73,73,82,91,73,73,91,164,173,173,164,91,91,91,91,91,82,82,0,0,0,0,0,0,0,0,0,0,0,0,0,0,0,0,0,0,0,0,0,0,0,0,0,0,0,0,0,0,0,0,0,0,0,
0,0,0,0,0,0,0,0,0,0,0,0,0,0,0,0,0,0,0,0,0,0,0,0,0,0,0,0,0,0,0,82,82,91,91,164,173,173,164,91,91,91,91,91,91,91,82,73,73,82,73,82,82,73,82,82,82,73,82,82,73,82,73,73,91,91,91,91,91,164,173,173,164,91,91,82,82,0,0,0,0,0,0,0,0,0,0,0,0,0,0,0,0,0,0,0,0,0,0,0,0,0,0,0,0,0,0,0,0,0,
0,0,0,0,0,0,0,0,0,0,0,0,0,0,0,0,0,0,0,0,0,0,0,0,0,0,0,0,0,0,82,82,82,82,82,82,82,82,82,82,82,82,82,91,91,91,82,164,73,82,82,82,82,73,73,82,73,73,82,82,73,73,82,73,82,91,91,91,91,82,82,82,82,82,91,91,91,82,0,0,0,0,0,0,0,0,0,0,0,0,0,0,0,0,0,0,0,0,0,0,0,0,0,0,0,0,0,0,0,0,
0,0,0,0,0,0,0,0,0,0,0,0,0,0,0,0,0,0,0,0,0,0,0,0,0,0,82,82,82,82,173,173,164,164,164,164,164,164,164,164,164,164,164,82,82,82,82,164,91,82,164,73,82,164,82,82,82,164,82,82,164,82,82,164,82,82,82,82,82,173,173,173,164,164,82,82,82,82,82,82,0,0,0,0,0,0,0,0,0,0,0,0,0,0,0,0,0,0,0,0,0,0,0,0,0,0,0,0,0,0,
0,0,0,0,0,0,0,0,0,0,0,0,0,0,0,0,0,0,0,0,0,0,0,82,82,82,173,173,173,173,173,164,164,164,164,164,164,164,164,164,164,164,164,164,164,164,82,164,164,73,164,164,73,164,164,82,164,164,73,164,164,164,82,91,82,164,164,164,164,164,173,173,164,164,164,164,164,164,164,164,82,82,82,0,0,0,0,0,0,0,0,0,0,0,0,0,0,0,0,0,0,0,0,0,0,0,0,0,0,0,
0,0,0,0,0,0,0,0,0,0,0,0,0,0,0,0,0,0,0,0,0,82,82,164,164,164,164,173,173,173,164,164,164,164,164,164,164,164,82,82,82,82,82,82,82,82,82,82,91,91,91,164,164,164,164,164,164,164,164,164,91,91,91,82,82,82,82,82,82,164,164,164,164,164,164,164,164,164,164,164,164,164,164,82,82,82,0,0,0,0,0,0,0,0,0,0,0,0,0,0,0,0,0,0,0,0,0,0,0,0,
0,0,0,0,0,0,0,0,0,0,0,0,0,0,0,0,0,0,0,82,82,91,91,164,164,164,164,164,164,164,164,164,164,164,82,82,82,82,164,164,164,173,173,164,164,164,164,164,82,82,82,91,91,164,164,164,164,91,91,91,82,82,82,164,164,164,164,164,164,82,82,82,82,82,164,164,164,164,164,173,173,173,164,164,164,91,82,82,0,0,0,0,0,0,0,0,0,0,0,0,0,0,0,0,0,0,0,0,0,0,
0,0,0,0,0,0,0,0,0,0,0,0,0,0,0,0,0,82,91,91,91,91,91,164,173,173,91,91,91,91,91,82,82,82,164,164,164,164,164,164,173,173,164,164,164,164,164,164,164,164,164,82,82,91,91,91,91,82,82,82,164,164,173,173,173,164,164,164,164,164,164,164,164,164,82,82,82,164,164,164,173,173,173,173,173,91,91,91,82,82,0,0,0,0,0,0,0,0,0,0,0,0,0,0,0,0,0,0,0,0,
0,0,0,0,0,0,0,0,0,0,0,0,0,0,0,0,82,91,91,91,91,164,164,173,173,173,164,164,164,82,82,164,164,164,164,164,164,173,173,164,164,164,164,164,164,164,164,164,164,164,164,164,164,82,91,91,82,164,164,164,164,164,173,173,173,164,164,164,164,164,164,164,164,164,164,164,164,82,82,164,164,173,173,173,164,91,91,91,91,82,82,0,0,0,0,0,0,0,0,0,0,0,0,0,0,0,0,0,0,0,
0,0,0,0,0,0,0,0,0,0,0,0,0,0,0,82,82,91,91,91,164,173,173,173,173,164,164,164,82,164,164,164,164,164,164,164,173,173,173,173,164,164,164,164,164,164,164,164,164,164,164,164,164,164,82,82,164,164,164,164,164,164,164,164,164,164,164,164,164,164,164,164,164,164,164,164,164,164,164,82,82,91,91,91,91,91,91,82,82,82,82,82,0,0,0,0,0,0,0,0,0,0,0,0,0,0,0,0,0,0,
0,0,0,0,0,0,0,0,0,0,0,0,0,0,0,82,82,82,91,91,173,173,173,173,164,164,82,82,164,164,164,164,164,164,164,173,173,173,173,173,164,164,164,164,164,164,164,164,164,164,164,164,73,73,73,73,73,73,164,164,164,164,164,164,164,164,164,164,164,164,164,164,164,164,164,164,164,164,164,91,91,82,82,82,82,82,82,82,82,82,82,82,82,0,0,0,0,0,0,0,0,0,0,0,0,0,0,0,0,0,
0,0,0,0,0,0,0,0,0,0,0,0,0,0,82,82,82,82,82,82,82,173,164,82,164,82,91,91,164,164,164,164,164,164,173,173,173,173,173,164,164,164,164,164,164,173,173,173,173,164,73,73,73,82,82,82,82,82,73,73,164,164,164,164,164,164,164,164,164,164,164,164,164,173,173,173,164,91,91,91,91,91,82,82,82,82,82,164,164,82,82,82,82,82,0,0,0,0,0,0,0,0,0,0,0,0,0,0,0,0,
0,0,0,0,0,0,0,0,0,0,0,0,0,0,82,82,82,82,82,82,82,73,73,0,82,91,91,91,164,164,164,164,164,164,173,173,173,173,173,164,164,164,164,164,173,173,173,173,164,73,73,82,82,82,82,82,82,82,82,82,73,164,164,164,164,164,164,164,164,164,164,164,164,164,173,173,164,91,91,91,91,82,91,82,82,82,82,164,164,164,82,82,82,82,0,0,0,0,0,0,0,0,0,0,0,0,0,0,0,0,
0,0,0,0,0,0,0,0,0,0,0,0,0,0,82,82,82,82,82,73,73,0,0,82,91,91,91,91,164,164,164,164,164,164,173,173,173,173,164,164,164,164,164,164,173,173,164,73,73,82,82,82,73,82,82,82,73,82,82,82,73,73,73,164,164,164,164,164,164,164,164,164,164,164,164,91,91,91,91,91,82,91,82,91,82,82,82,82,82,82,82,82,82,82,0,0,0,0,0,0,0,0,0,0,0,0,0,0,0,0,
0,0,0,0,0,0,0,0,0,0,0,0,0,0,82,82,82,82,73,0,0,0,82,82,82,91,91,91,91,164,164,164,164,164,164,173,173,173,164,164,164,164,164,164,164,73,73,73,82,73,82,9,82,73,82,9,82,73,82,9,82,73,73,73,164,164,164,164,164,91,91,91,91,91,91,91,91,91,82,82,91,82,91,82,82,82,82,73,73,73,73,82,82,82,73,0,0,0,0,0,0,0,0,0,0,0,0,0,0,0,
0,0,0,0,0,0,0,0,0,0,0,0,0,0,0,82,82,73,0,0,0,82,82,82,82,91,91,91,91,91,91,164,164,164,164,164,164,164,164,164,164,91,91,91,73,0,73,82,82,82,9,82,82,82,9,82,82,82,9,82,9,82,73,0,73,91,91,91,91,91,91,91,164,164,164,164,82,82,82,82,82,82,82,82,82,82,82,82,73,0,0,73,82,82,73,0,0,0,0,0,0,0,0,0,0,0,0,0,0,0,
0,0,0,0,0,0,0,0,0,0,0,0,0,0,0,73,73,0,0,0,82,82,82,82,82,82,91,91,91,91,91,91,164,164,164,164,164,164,91,91,91,91,91,73,0,0,73,82,82,82,82,82,82,82,82,82,82,82,82,82,82,82,73,0,0,73,82,82,82,82,82,82,164,164,164,164,82,82,82,82,82,82,82,82,82,82,82,82,82,73,0,0,73,73,0,0,0,0,0,0,0,0,0,0,0,0,0,0,0,0,
0,0,0,0,0,0,0,0,0,0,0,0,0,0,0,0,0,0,0,0,82,82,82,82,82,82,82,82,91,91,91,91,91,91,91,91,91,91,82,82,82,82,73,0,0,0,73,82,82,82,82,82,82,82,82,82,82,82,82,82,82,82,82,73,0,0,73,82,82,82,82,164,164,164,164,164,82,82,82,82,82,82,82,82,82,82,82,82,82,82,73,0,0,0,0,0,0,0,0,0,0,0,0,0,0,0,0,0,0,0,
0,0,0,0,0,0,0,0,0,0,0,0,0,0,0,0,0,0,0,0,82,82,82,82,82,82,82,82,82,82,82,82,82,82,91,82,91,82,91,82,82,73,0,0,0,0,73,82,82,82,82,82,82,73,82,82,73,82,82,82,82,82,82,73,0,0,0,73,82,82,82,164,164,164,164,164,82,82,82,82,82,82,82,82,82,82,73,82,82,82,73,0,0,0,0,0,0,0,0,0,0,0,0,0,0,0,0,0,0,0,
0,0,0,0,0,0,0,0,0,0,0,0,0,0,0,0,0,0,0,0,0,73,73,82,82,82,82,82,82,82,82,82,82,82,82,91,82,91,82,82,73,0,0,0,0,73,82,82,82,73,82,82,82,82,82,73,82,73,82,82,73,82,82,73,0,0,0,0,73,82,82,164,164,164,164,164,82,82,82,82,82,82,82,82,82,82,82,73,73,73,0,0,0,0,0,0,0,0,0,0,0,0,0,0,0,0,0,0,0,0,
0,0,0,0,0,0,0,0,0,0,0,0,0,0,0,0,0,0,0,0,0,0,0,73,73,82,82,82,82,82,82,82,82,82,82,82,82,82,82,82,73,0,0,0,0,73,82,82,73,82,73,82,73,82,82,82,82,73,82,82,82,73,82,73,0,0,0,0,73,73,82,164,164,164,164,82,82,82,82,82,82,82,82,82,82,82,82,73,0,0,0,0,0,0,0,0,0,0,0,0,0,0,0,0,0,0,0,0,0,0,
0,0,0,0,0,0,0,0,0,0,0,0,0,0,0,0,0,0,0,0,0,0,0,0,0,73,73,73,82,82,82,82,82,82,82,82,82,82,82,73,0,0,0,0,0,73,82,73,82,82,82,73,82,82,82,82,82,82,82,82,82,82,73,73,0,0,0,0,0,73,82,82,82,82,82,82,82,82,82,82,82,82,82,82,82,73,73,0,0,0,0,0,0,0,0,0,0,0,0,0,0,0,0,0,0,0,0,0,0,0,
0,0,0,0,0,0,0,0,0,0,0,0,0,0,0,0,0,0,0,0,0,0,0,0,0,0,0,0,73,73,0,73,82,82,82,82,82,82,73,0,0,0,0,0,73,73,82,82,82,82,82,82,82,82,82,82,82,82,82,82,82,82,82,73,0,0,0,0,0,0,73,82,82,82,82,73,82,82,82,82,82,82,73,73,73,0,0,0,0,0,0,0,0,0,0,0,0,0,0,0,0,0,0,0,0,0,0,0,0,0,
0,0,0,0,0,0,0,0,0,0,0,0,0,0,0,0,0,0,0,0,0,0,0,0,0,0,0,0,0,0,0,73,73,73,82,82,82,82,73,0,73,73,0,73,82,73,82,82,82,82,82,82,82,82,82,82,82,82,82,82,82,82,82,73,73,73,0,73,73,0,73,82,82,82,82,73,73,82,82,73,73,73,0,0,0,0,0,0,0,0,0,0,0,0,0,0,0,0,0,0,0,0,0,0,0,0,0,0,0,0,
0,0,0,0,0,0,0,0,0,0,0,0,0,0,0,0,0,0,0,0,0,0,0,0,0,0,0,0,0,0,0,0,0,0,73,73,73,73,73,73,82,82,73,73,82,73,82,82,82,82,82,82,82,82,82,82,82,82,82,82,82,82,82,73,82,73,73,82,82,73,0,73,82,82,82,73,0,73,73,0,0,0,0,0,0,0,0,0,0,0,0,0,0,0,0,0,0,0,0,0,0,0,0,0,0,0,0,0,0,0,
0,0,0,0,0,0,0,0,0,0,0,0,0,0,0,0,0,0,0,0,0,0,0,0,0,0,0,0,82,82,82,82,0,0,0,0,73,82,82,82,73,82,82,82,82,73,82,82,82,82,82,82,82,82,82,82,82,82,82,82,73,82,82,73,82,73,82,82,82,82,73,73,82,82,82,73,0,0,0,0,0,0,0,0,0,0,0,0,0,0,0,0,0,0,0,0,0,0,0,0,0,0,0,0,0,0,0,0,0,0,
0,0,0,0,0,0,0,0,0,0,0,0,0,0,0,0,0,0,0,0,0,0,0,82,82,82,82,82,82,82,82,82,82,73,73,82,73,73,73,73,73,73,82,82,82,82,73,82,82,82,82,82,82,82,82,82,82,82,82,82,82,73,82,73,82,82,82,82,82,73,73,73,73,73,73,73,73,73,73,73,73,73,73,82,82,0,0,0,0,0,0,0,0,0,0,0,0,0,0,0,0,0,0,0,0,0,0,0,0,0,
0,0,0,0,0,0,0,0,0,0,0,0,0,0,0,0,0,82,82,82,82,0,0,82,164,91,91,91,91,82,82,82,82,82,82,82,82,82,82,82,82,73,73,82,82,82,73,82,82,82,82,82,82,82,82,82,82,82,82,82,82,82,73,82,82,82,82,73,73,82,82,82,82,82,82,73,82,82,82,73,73,82,82,82,82,82,82,82,82,82,0,0,0,0,0,0,0,0,0,0,0,0,0,0,0,0,0,0,0,0,
0,0,0,0,0,0,0,0,0,0,0,0,82,82,82,0,0,82,164,164,164,82,82,164,82,164,164,91,82,82,82,82,82,82,82,82,82,82,82,82,82,82,82,82,73,73,73,73,73,82,82,82,82,82,82,82,82,82,82,82,82,73,73,73,73,73,73,82,82,82,82,82,82,82,82,82,82,82,82,82,82,82,82,82,73,82,82,82,82,82,82,82,82,0,0,0,0,0,0,0,0,0,0,0,0,0,0,0,0,0,
0,0,0,0,0,0,0,0,0,0,0,82,82,164,164,82,82,82,164,164,164,164,82,164,82,164,82,82,164,164,164,82,82,82,82,82,82,82,82,82,82,82,73,73,82,82,82,82,82,73,73,82,82,73,73,73,82,82,73,73,73,82,82,82,82,73,82,82,82,82,82,82,82,82,82,82,82,82,82,82,82,82,82,82,82,82,82,82,82,82,82,82,82,82,82,0,0,0,0,0,0,0,0,0,0,0,0,0,0,0,
0,0,0,0,0,0,0,0,0,0,0,82,164,164,164,164,164,164,82,164,164,164,164,164,164,164,164,164,82,82,82,82,82,82,82,82,82,82,82,73,73,73,73,82,82,82,82,82,82,82,82,73,82,164,91,82,73,73,82,82,82,82,82,82,82,73,82,82,82,82,82,82,82,82,73,73,73,73,82,82,82,82,82,82,82,82,82,82,82,82,82,82,82,82,82,82,82,82,0,0,0,0,0,0,0,0,0,0,0,0,
0,0,0,0,0,0,0,0,0,82,82,82,82,164,164,164,164,164,164,164,164,164,164,82,82,82,82,82,82,82,82,82,82,82,82,82,82,82,82,82,82,82,82,73,73,73,91,91,91,91,91,91,82,164,91,82,91,91,91,91,91,91,73,73,73,73,82,82,82,82,73,73,73,82,82,82,82,82,82,82,82,82,82,82,82,82,82,82,82,82,82,82,82,82,82,82,82,82,82,82,0,0,0,0,0,0,0,0,0,0,
0,0,0,0,0,0,0,0,82,164,164,164,164,164,164,164,164,164,164,82,82,82,82,164,164,82,164,164,82,73,73,73,73,73,73,73,82,82,82,82,73,73,91,91,91,91,91,91,91,91,91,91,82,164,91,82,91,91,91,91,91,91,91,91,82,82,73,73,73,73,82,82,82,82,82,82,82,82,82,82,82,82,82,82,82,82,82,82,82,82,82,82,82,82,82,82,82,82,82,82,0,0,0,0,0,0,0,0,0,0,
0,0,0,0,82,82,82,82,82,164,164,164,164,164,164,164,82,82,82,164,164,82,164,164,164,82,164,164,82,164,164,164,164,164,164,164,73,73,73,73,82,91,91,91,91,82,91,91,91,91,91,91,82,164,91,82,91,91,91,91,91,91,91,91,91,82,82,73,82,82,82,82,82,82,82,82,73,73,82,82,82,82,82,82,82,82,82,82,82,82,82,82,82,82,82,82,82,82,82,82,82,82,82,0,0,0,0,0,0,0,
0,0,0,82,164,164,164,164,82,82,164,164,164,164,82,82,164,164,164,164,164,82,164,164,164,164,164,164,82,164,73,73,164,164,164,164,164,91,82,82,82,91,91,82,82,91,91,91,91,91,91,164,164,164,82,164,164,164,164,91,91,91,82,82,91,82,82,73,82,82,82,82,82,82,82,73,82,82,82,82,82,82,82,82,82,82,82,82,82,82,82,82,82,82,82,82,82,82,91,91,91,91,91,82,82,0,0,0,0,0,
0,0,0,82,164,164,164,164,164,164,164,164,164,164,164,164,164,164,164,164,82,164,164,164,164,164,164,164,82,164,82,82,73,164,164,164,164,164,91,82,82,82,82,91,91,91,91,82,164,164,164,164,164,164,82,164,164,164,164,164,164,91,91,91,82,82,82,73,82,82,82,82,82,82,73,82,82,82,82,82,82,82,82,82,82,82,82,82,82,82,82,82,82,82,82,82,82,91,91,91,91,91,91,91,164,82,82,82,0,0,
0,0,0,0,82,82,164,164,164,164,164,164,164,164,164,164,164,164,164,164,82,164,164,164,164,164,164,164,164,82,164,82,82,73,164,164,164,164,164,91,82,82,91,91,91,91,82,164,164,164,164,164,164,164,82,164,164,164,164,164,164,164,164,91,91,82,73,82,82,82,82,82,82,73,82,82,82,82,82,73,82,82,82,82,82,82,82,82,82,82,82,82,82,82,82,91,91,91,91,91,91,91,91,164,164,164,164,164,82,82,
0,0,82,82,164,164,164,164,164,164,164,164,164,164,82,164,164,164,164,164,164,164,164,73,164,164,164,164,164,82,164,82,82,82,73,164,164,164,164,164,82,82,91,91,82,164,164,164,164,164,164,164,164,164,164,164,164,164,164,164,164,164,164,164,91,82,73,82,82,82,82,82,73,82,82,82,82,82,73,82,73,82,82,82,82,82,82,82,82,82,82,82,82,82,82,91,91,91,91,91,91,164,164,82,82,82,164,164,164,82,
82,82,164,164,164,164,164,164,82,164,164,164,164,164,82,164,164,164,164,164,164,164,73,73,164,164,164,164,164,164,82,91,82,82,82,73,164,164,164,164,164,164,82,82,164,164,164,164,164,164,164,164,164,164,164,164,164,164,164,82,164,164,164,164,82,73,73,82,82,82,82,73,82,82,82,82,82,82,73,82,73,73,82,82,82,82,82,82,82,82,82,82,82,91,91,82,164,91,91,164,164,164,164,164,164,82,82,82,82,0,
82,164,164,164,164,164,164,164,82,164,164,164,164,82,0,73,164,164,164,164,164,164,73,73,164,164,164,73,164,164,82,164,82,82,82,82,73,164,164,164,164,164,82,73,164,164,164,164,73,82,164,164,164,164,164,164,164,164,164,164,82,164,164,73,82,73,82,82,82,82,82,82,82,82,82,82,82,82,73,73,73,82,73,82,82,82,82,82,91,91,91,82,91,91,91,82,82,164,164,164,82,164,164,164,164,82,0,0,0,0,
82,164,164,82,82,164,164,82,82,164,164,164,82,0,73,164,164,164,73,164,164,164,73,73,164,164,164,73,73,73,82,164,82,82,91,164,164,164,164,164,164,164,164,82,82,164,82,73,82,164,164,164,164,164,164,164,164,164,164,164,164,82,82,82,73,82,82,82,82,82,82,82,82,82,82,82,82,73,82,82,82,82,73,73,82,82,82,82,73,91,91,91,82,91,91,91,73,73,164,164,164,82,164,164,164,164,82,82,0,0,
82,82,82,82,164,164,82,82,164,164,164,82,82,0,73,82,82,73,73,164,164,73,82,73,73,73,73,73,82,82,82,164,91,91,164,164,164,164,164,164,164,164,164,82,82,73,73,82,164,164,164,164,164,164,164,164,164,164,164,164,164,82,73,73,82,82,82,82,82,82,82,82,82,82,82,82,82,73,82,82,82,82,82,82,73,73,73,73,82,73,73,73,73,73,73,73,73,0,73,164,164,164,82,82,164,164,164,82,0,0,
0,0,0,82,82,82,0,82,82,82,82,82,0,0,73,73,73,73,73,73,73,73,82,82,73,82,82,82,82,82,73,164,164,164,164,164,164,164,164,164,164,164,164,164,82,82,73,164,164,164,164,164,164,164,164,164,164,82,164,164,164,82,82,82,82,82,82,82,82,82,82,82,82,82,82,82,82,82,73,82,82,82,82,82,82,82,82,73,82,82,82,82,82,82,82,73,0,0,0,82,82,82,82,0,82,82,82,82,0,0,
0,0,0,0,82,82,0,82,82,82,82,0,0,0,73,82,82,82,82,82,82,82,82,73,82,82,82,82,82,82,164,164,164,164,164,164,82,82,91,164,164,164,164,164,164,164,73,164,164,164,82,164,164,164,164,164,164,164,82,164,82,73,82,82,82,82,82,82,82,82,82,82,82,82,82,82,82,82,82,73,82,82,82,82,82,82,82,73,82,82,82,82,82,82,82,82,73,0,0,0,0,0,0,0,0,0,0,0,0,0,
0,0,0,0,0,0,0,0,0,0,0,0,0,82,82,82,82,82,82,82,82,82,73,91,91,82,82,82,82,164,164,164,164,164,164,82,164,164,164,164,164,164,164,164,164,164,82,73,164,82,82,164,164,164,82,164,164,164,73,73,73,82,82,82,82,82,82,82,82,82,82,82,82,82,82,82,82,82,82,82,73,82,82,82,82,82,82,82,73,82,82,82,82,82,82,82,82,0,0,0,0,0,0,0,0,0,0,0,0,0,
0,0,0,0,0,0,0,0,0,0,0,0,0,82,82,82,82,82,82,82,82,82,73,91,91,91,91,82,164,164,164,164,164,164,82,164,164,164,164,164,164,164,82,164,164,164,82,82,73,82,164,164,164,164,82,164,164,164,73,82,82,82,82,82,82,82,82,82,82,82,82,82,82,82,82,82,82,82,82,82,73,82,82,82,82,82,82,82,73,82,82,82,82,82,82,82,82,73,0,0,0,0,0,0,0,0,0,0,0,0,
0,0,0,0,0,0,0,0,0,0,0,0,82,82,82,82,82,82,82,82,82,82,91,91,91,91,82,164,164,164,164,164,164,164,91,82,82,164,164,164,164,91,82,82,164,164,164,164,82,73,164,164,164,82,73,82,164,82,82,82,82,82,82,82,82,82,82,82,82,82,73,164,164,82,82,82,82,82,82,82,82,73,82,82,82,82,82,82,73,82,82,73,82,82,82,82,82,82,0,0,0,0,0,0,0,0,0,0,0,0,
0,0,0,0,0,0,0,0,0,0,0,0,82,82,82,82,82,82,82,82,82,82,91,91,91,91,82,164,164,164,164,164,164,164,82,173,173,82,73,164,91,91,82,82,164,164,164,164,164,164,73,73,164,82,82,73,73,82,82,82,82,82,82,82,82,82,82,82,73,164,73,164,164,82,82,82,82,82,82,82,82,73,82,82,82,82,82,82,82,73,82,73,82,82,82,82,82,82,73,0,0,0,0,0,0,0,0,0,0,0,
0,0,0,0,0,0,0,0,0,0,0,82,82,82,82,82,82,82,82,82,82,91,91,91,91,82,91,164,164,164,164,164,164,164,82,173,173,73,164,73,73,82,82,82,164,164,164,164,164,164,82,82,73,73,82,82,82,82,91,91,91,82,82,82,82,82,82,73,73,73,73,164,164,82,82,82,82,82,82,82,82,82,73,82,82,82,82,82,82,73,82,73,82,82,82,82,82,82,73,0,0,0,0,0,0,0,0,0,0,0,
0,0,0,0,0,0,0,0,0,0,0,82,82,82,91,82,82,82,82,82,82,91,91,91,91,82,91,164,164,164,164,164,164,164,82,164,173,82,73,73,73,73,82,82,164,164,164,164,164,164,164,82,82,82,82,82,82,91,91,91,91,91,91,82,82,82,173,82,73,73,82,164,164,73,82,82,82,82,82,82,82,82,82,73,82,82,82,82,82,73,82,73,82,82,82,82,82,82,82,73,0,0,0,0,0,0,0,0,0,0,
0,0,0,0,0,0,0,0,0,0,0,82,82,82,82,82,82,82,82,82,82,91,91,91,82,91,91,164,164,164,164,164,164,164,164,164,173,173,82,82,82,164,82,164,164,164,164,164,164,164,164,91,82,82,82,82,91,91,91,91,91,91,91,91,82,82,173,173,173,173,173,164,82,82,82,82,82,82,82,82,82,82,82,73,82,82,82,82,82,73,82,73,82,82,82,82,82,82,82,73,0,0,0,0,0,0,0,0,0,0,
0,0,0,0,0,0,0,0,0,0,82,82,82,82,82,82,82,82,82,82,82,164,91,91,82,91,91,91,164,164,164,164,164,164,164,82,164,173,173,173,164,164,82,164,164,164,164,164,164,164,164,91,82,82,82,82,91,91,91,91,91,91,91,91,91,91,82,164,173,173,164,82,82,82,82,82,82,82,82,82,82,82,82,73,82,82,82,82,82,82,73,82,82,82,82,82,82,82,82,73,9,0,0,0,0,0,0,0,0,0,
0,0,0,0,0,0,0,0,0,0,82,82,82,82,82,82,82,82,82,82,91,164,164,91,91,82,82,91,91,91,164,164,164,164,164,164,82,164,164,164,164,82,164,164,164,164,164,164,164,164,164,91,82,82,82,82,91,91,91,91,91,91,91,91,91,91,91,91,82,82,82,82,82,82,82,82,82,73,82,82,82,82,73,82,82,82,82,82,82,82,73,82,82,82,82,82,82,82,82,73,9,0,0,0,0,0,0,0,0,0,
0,0,0,0,0,0,0,0,0,0,82,82,82,82,82,82,82,82,82,82,164,164,164,91,91,82,82,82,82,82,73,91,91,91,164,164,164,82,82,82,82,164,164,164,164,164,164,164,164,164,164,91,91,82,82,91,91,91,91,91,91,91,91,91,91,91,82,82,82,82,82,82,82,82,82,73,73,82,82,82,82,82,73,82,82,82,82,82,82,82,73,82,82,82,82,82,82,82,82,73,9,0,0,0,0,0,0,0,0,0,
0,0,0,0,0,0,0,0,0,0,82,82,82,82,82,82,82,82,82,82,164,164,164,91,91,91,82,82,82,82,82,73,73,91,91,91,91,91,164,164,164,164,164,164,164,164,164,164,164,164,164,91,91,91,82,91,91,91,91,91,91,91,82,82,82,82,82,82,82,82,73,73,73,73,73,82,82,82,82,82,82,73,82,82,82,82,82,82,82,82,73,82,82,82,82,82,82,82,73,73,9,0,0,0,0,0,0,0,0,0,
0,0,0,0,0,0,0,0,0,0,82,82,82,82,91,82,82,82,82,82,164,164,164,91,91,91,82,82,82,82,82,82,82,73,73,73,73,73,91,91,91,91,91,164,164,164,164,164,164,164,164,91,91,82,91,91,91,91,91,91,91,82,82,82,82,73,73,73,73,73,73,164,164,73,82,82,82,82,82,82,82,82,82,82,82,82,82,82,82,82,73,82,82,82,73,82,73,82,9,73,9,0,0,0,0,0,0,0,0,0,
0,0,0,0,0,0,0,0,0,0,0,73,82,82,91,82,82,82,82,73,164,164,91,91,91,91,91,82,82,82,82,82,82,82,82,73,173,164,73,73,73,73,73,82,82,82,91,91,82,73,164,91,82,91,82,91,91,82,73,82,82,82,82,82,82,82,82,82,82,82,73,164,164,73,82,82,82,82,82,73,73,82,82,82,82,82,82,82,82,82,73,73,82,73,82,73,73,9,9,9,0,0,0,0,0,0,0,0,0,0,
0,0,0,0,0,0,0,0,0,0,0,73,82,82,82,82,82,82,82,73,164,164,91,91,91,91,91,91,91,82,82,82,82,82,82,73,173,173,82,82,82,82,82,73,73,73,82,82,82,82,82,82,82,82,82,82,82,82,82,82,82,82,82,82,82,82,82,82,82,82,82,164,73,82,82,82,82,73,73,82,82,82,82,82,82,82,82,82,82,82,73,73,73,82,73,73,73,73,73,9,0,0,0,0,0,0,0,0,0,0,
0,0,0,0,0,0,0,0,0,0,0,0,73,82,82,82,82,82,82,73,91,91,91,91,91,91,91,91,91,91,82,82,82,82,82,82,73,173,82,82,82,82,82,82,82,82,82,82,82,82,82,82,82,82,82,82,82,82,82,82,82,82,82,82,82,82,82,82,82,82,82,73,82,82,82,73,73,82,82,82,82,82,82,82,82,82,82,82,82,82,73,73,73,73,73,73,73,73,73,0,0,0,0,0,0,0,0,0,0,0,
0,0,0,0,0,0,0,0,0,0,0,0,73,82,82,82,82,82,82,73,91,91,91,91,91,91,91,91,91,91,91,91,91,73,82,82,82,73,82,82,82,82,82,82,91,91,91,91,91,82,82,82,82,82,82,82,82,82,82,91,91,91,91,91,82,82,82,82,82,82,82,73,82,82,73,82,82,82,82,82,82,82,82,82,82,82,82,82,82,82,73,73,73,73,9,73,73,73,9,0,0,0,0,0,0,0,0,0,0,0,
0,0,0,0,0,0,0,0,0,0,0,0,0,73,82,82,82,82,82,82,73,91,91,91,91,91,91,91,91,91,91,91,91,91,73,82,82,73,82,82,82,82,91,91,91,91,91,164,164,164,164,164,164,164,164,164,164,164,164,164,91,91,91,91,91,91,82,82,82,82,82,73,82,73,82,82,82,82,82,82,82,82,82,82,82,82,82,82,82,9,73,73,73,9,9,73,73,9,0,0,0,0,0,0,0,0,0,0,0,0,
0,0,0,0,0,0,0,0,0,0,0,0,0,73,82,82,82,82,82,73,164,91,91,91,91,91,91,91,91,91,91,91,91,91,91,73,82,73,82,82,82,82,91,91,164,164,164,164,164,164,164,164,164,164,164,164,164,164,164,164,164,164,91,91,91,91,82,82,82,82,73,82,82,73,82,82,82,82,82,82,82,82,82,82,82,82,82,82,82,9,73,73,73,73,73,73,9,0,0,0,0,0,0,0,0,0,0,0,0,0,
0,0,0,0,0,0,0,0,0,0,0,0,0,0,73,73,82,82,82,73,164,82,91,91,91,91,91,91,91,91,91,91,91,91,91,73,82,82,73,82,82,82,91,91,164,164,164,164,164,164,164,164,164,164,164,164,164,164,164,164,164,164,164,91,91,82,82,82,82,73,82,82,73,82,82,82,82,82,82,82,82,82,82,73,82,82,82,82,82,73,73,73,73,73,73,73,9,0,0,0,0,0,0,0,0,0,0,0,0,0,
0,0,0,0,0,0,0,0,0,0,0,0,0,0,73,82,82,82,82,82,73,82,91,91,91,91,91,91,91,91,91,91,91,91,91,91,73,82,82,73,82,82,82,73,82,164,164,164,164,164,164,164,164,164,164,164,164,164,164,164,164,164,164,91,73,82,82,82,73,82,82,73,82,82,82,82,82,82,82,82,82,82,82,73,82,82,82,82,9,73,73,73,9,9,73,9,0,0,0,0,0,0,0,0,0,0,0,0,0,0,
0,0,0,0,0,0,0,0,0,0,0,0,0,82,82,82,82,82,82,82,82,73,91,91,91,91,91,91,91,91,91,91,91,91,91,91,91,73,82,82,73,82,73,173,82,73,164,164,164,164,164,164,164,164,164,164,164,164,164,164,164,82,73,82,173,73,73,73,82,82,73,82,82,82,82,82,82,82,82,82,82,73,73,73,82,82,82,82,9,9,9,9,73,73,73,9,0,0,0,0,0,0,0,0,0,0,0,0,0,0,
0,0,0,0,0,0,0,0,0,0,0,0,0,164,173,173,82,82,82,82,82,82,73,91,91,82,164,91,91,91,91,91,91,91,91,91,91,91,73,82,82,73,164,173,73,173,73,82,82,82,82,82,82,82,82,82,82,82,82,82,82,73,173,73,173,164,73,82,82,73,82,82,82,82,82,82,82,82,82,82,82,82,82,82,82,82,82,73,9,73,73,73,73,73,164,73,0,0,0,0,0,0,0,0,0,0,0,0,0,0,
0,0,0,0,0,0,0,0,0,0,0,0,82,173,173,164,73,82,82,173,164,82,73,91,91,82,82,91,91,91,91,91,91,91,91,91,91,82,82,73,73,82,82,73,173,164,73,82,82,82,82,82,82,82,82,82,82,82,82,82,82,73,173,164,73,82,82,82,73,82,82,82,82,73,82,82,82,82,82,82,82,82,82,82,82,82,82,73,164,91,73,73,9,9,91,91,73,0,0,0,0,0,0,0,0,0,0,0,0,0,
0,0,0,0,0,0,0,0,0,0,0,0,0,82,82,82,0,73,173,173,164,73,73,73,91,91,91,91,91,91,91,91,82,164,82,91,91,82,82,82,73,73,82,82,82,73,73,82,82,82,73,73,73,73,73,73,73,73,82,82,82,73,73,73,82,82,82,73,82,82,82,82,73,82,82,82,82,82,82,82,82,82,82,82,82,82,73,164,164,91,9,9,0,73,73,73,73,0,0,0,0,0,0,0,0,0,0,0,0,0,
0,0,0,0,0,0,0,0,0,0,0,0,0,0,0,0,0,0,82,173,73,0,0,0,73,91,91,91,91,91,91,91,82,82,91,91,82,82,82,82,73,82,73,73,82,82,82,73,73,82,82,91,91,91,91,91,91,82,82,73,73,82,82,82,82,82,73,82,82,82,82,82,73,73,82,82,82,82,82,82,82,82,82,82,82,82,9,73,91,73,0,0,0,0,0,0,0,0,0,0,0,0,0,0,0,0,0,0,0,0,
0,0,0,0,0,0,0,0,0,0,0,0,0,0,0,0,0,0,0,73,0,0,0,0,0,73,91,91,91,91,91,91,91,91,82,82,82,82,82,82,73,82,73,0,73,73,82,82,82,82,82,82,82,82,82,82,82,82,82,82,82,82,82,82,73,73,82,82,82,82,82,82,82,82,82,82,82,82,82,82,82,82,82,82,82,82,9,0,73,0,0,0,0,0,0,0,0,0,0,0,0,0,0,0,0,0,0,0,0,0,
0,0,0,0,0,0,0,0,0,0,0,0,0,0,0,0,0,0,0,0,0,0,0,0,0,0,73,82,82,82,82,82,82,82,82,82,82,82,82,73,82,9,0,0,0,0,73,9,9,9,73,82,82,82,82,82,82,82,73,9,9,9,73,73,73,82,82,82,82,82,82,82,82,82,82,82,82,82,82,73,82,82,82,82,9,82,73,0,0,0,0,0,0,0,0,0,0,0,0,0,0,0,0,0,0,0,0,0,0,0,
0,0,0,0,0,0,0,0,0,0,0,0,0,0,0,0,0,0,0,0,0,0,0,0,0,0,0,82,82,82,82,82,82,82,82,82,82,82,73,82,82,9,0,0,0,0,0,0,0,0,0,0,0,0,0,0,0,0,0,0,0,0,0,0,73,82,82,82,82,82,82,82,82,82,82,82,82,82,82,73,82,82,82,82,73,9,0,0,0,0,0,0,0,0,0,0,0,0,0,0,0,0,0,0,0,0,0,0,0,0,
0,0,0,0,0,0,0,0,0,0,0,0,0,0,0,0,0,0,0,0,0,0,0,0,0,0,0,73,82,82,82,82,73,73,82,73,73,82,82,82,9,0,0,0,0,0,0,0,0,0,0,0,0,0,0,0,0,0,0,0,0,0,0,0,73,73,82,82,82,82,82,82,82,82,82,82,82,73,73,82,82,82,82,9,0,0,0,0,0,0,0,0,0,0,0,0,0,0,0,0,0,0,0,0,0,0,0,0,0,0,
0,0,0,0,0,0,0,0,0,0,0,0,0,0,0,0,0,0,0,0,0,0,0,0,0,0,0,82,173,82,82,82,82,82,82,82,82,82,82,164,9,0,0,0,0,0,0,0,0,0,0,0,0,0,0,0,0,0,0,0,0,0,0,73,73,73,73,73,82,82,82,82,82,82,82,82,82,82,82,82,82,82,9,0,0,0,0,0,0,0,0,0,0,0,0,0,0,0,0,0,0,0,0,0,0,0,0,0,0,0,
0,0,0,0,0,0,0,0,0,0,0,0,0,0,0,0,0,0,0,0,0,0,0,0,0,0,82,173,173,164,82,82,82,82,164,73,82,82,82,173,164,9,0,0,0,0,0,0,0,0,0,0,0,0,0,0,0,0,0,0,0,0,0,9,73,73,73,73,73,73,73,73,82,82,82,82,82,82,82,73,73,9,0,0,0,0,0,0,0,0,0,0,0,0,0,0,0,0,0,0,0,0,0,0,0,0,0,0,0,0,
0,0,0,0,0,0,0,0,0,0,0,0,0,0,0,0,0,0,0,0,0,0,0,0,0,0,82,173,164,73,73,73,73,164,173,164,73,73,73,164,173,9,0,0,0,0,0,0,0,0,0,0,0,0,0,0,0,0,0,0,0,0,0,9,73,73,73,73,73,73,73,73,73,73,73,73,73,73,73,73,73,0,0,0,0,0,0,0,0,0,0,0,0,0,0,0,0,0,0,0,0,0,0,0,0,0,0,0,0,0,
0,0,0,0,0,0,0,0,0,0,0,0,0,0,0,0,0,0,0,0,0,0,0,0,0,0,82,73,73,0,0,0,82,173,173,164,82,0,0,73,73,0,0,0,0,0,0,0,0,0,0,0,0,0,0,0,0,0,0,0,0,0,82,173,173,73,73,73,73,73,73,73,73,73,73,73,73,73,73,73,9,0,0,0,0,0,0,0,0,0,0,0,0,0,0,0,0,0,0,0,0,0,0,0,0,0,0,0,0,0,
0,0,0,0,0,0,0,0,0,0,0,0,0,0,0,0,0,0,0,0,0,0,0,0,0,0,0,0,0,0,0,0,0,82,173,82,0,0,0,0,0,0,0,0,0,0,0,0,0,0,0,0,0,0,0,0,0,0,0,0,0,0,82,173,164,73,73,73,73,73,164,73,9,73,73,73,73,73,73,73,0,0,0,0,0,0,0,0,0,0,0,0,0,0,0,0,0,0,0,0,0,0,0,0,0,0,0,0,0,0,
0,0,0,0,0,0,0,0,0,0,0,0,0,0,0,0,0,0,0,0,0,0,0,0,0,0,0,0,0,0,0,0,0,0,82,0,0,0,0,0,0,0,0,0,0,0,0,0,0,0,0,0,0,0,0,0,0,0,0,0,0,82,173,173,73,9,9,9,73,164,164,73,9,73,73,73,73,164,73,9,0,0,0,0,0,0,0,0,0,0,0,0,0,0,0,0,0,0,0,0,0,0,0,0,0,0,0,0,0,0,
0,0,0,0,0,0,0,0,0,0,0,0,0,0,0,0,0,0,0,0,0,0,0,0,0,0,0,0,0,0,0,0,0,0,0,0,0,0,0,0,0,0,0,0,0,0,0,0,0,0,0,0,0,0,0,0,0,0,0,0,0,82,9,9,0,0,0,73,73,173,164,164,9,9,9,9,73,164,91,9,0,0,0,0,0,0,0,0,0,0,0,0,0,0,0,0,0,0,0,0,0,0,0,0,0,0,0,0,0,0,
0,0,0,0,0,0,0,0,0,0,0,0,0,0,0,0,0,0,0,0,0,0,0,0,0,0,0,0,0,0,0,0,0,0,0,0,0,0,0,0,0,0,0,0,0,0,0,0,0,0,0,0,0,0,0,0,0,0,0,0,0,0,0,0,0,0,0,0,73,173,164,73,0,0,0,0,73,164,91,9,0,0,0,0,0,0,0,0,0,0,0,0,0,0,0,0,0,0,0,0,0,0,0,0,0,0,0,0,0,0,
0,0,0,0,0,0,0,0,0,0,0,0,0,0,0,0,0,0,0,0,0,0,0,0,0,0,0,0,0,0,0,0,0,0,0,0,0,0,0,0,0,0,0,0,0,0,0,0,0,0,0,0,0,0,0,0,0,0,0,0,0,0,0,0,0,0,0,0,0,73,73,0,0,0,0,0,0,73,73,0,0,0,0,0,0,0,0,0,0,0,0,0,0,0,0,0,0,0,0,0,0,0,0,0,0,0,0,0,0,0,
0,0,0,0,0,0,0,0,0,0,0,0,0,0,0,0,0,0,0,0,0,0,0,0,0,0,0,0,0,0,0,0,0,0,0,0,0,0,0,0,0,88,88,88,88,88,88,88,88,88,88,0,0,0,0,0,0,0,0,0,0,0,0,88,88,88,88,0,0,0,0,0,0,0,0,0,0,0,0,0,0,0,0,0,0,0,0,0,0,0,0,0,0,0,0,0,0,0,0,0,0,0,0,0,0,0,0,0,0,0,
0,0,0,0,0,0,0,0,0,0,0,0,0,0,0,0,0,0,0,0,0,0,0,0,0,0,0,0,0,0,0,0,0,0,0,0,0,88,88,88,97,97,97,97,97,97,171,180,180,171,97,88,88,0,0,0,0,0,0,0,88,88,97,97,97,97,97,97,88,88,88,0,0,0,0,0,0,0,0,0,0,0,0,0,0,0,0,0,0,0,0,0,0,0,0,0,0,0,0,0,0,0,0,0,0,0,0,0,0,0,
0,0,0,0,0,0,0,0,0,0,0,0,0,0,0,0,0,0,0,0,0,0,0,0,0,0,0,0,0,0,0,0,0,0,0,88,88,97,97,97,180,180,171,97,97,171,180,180,171,97,80,88,97,88,0,0,0,0,88,88,97,97,97,97,97,171,180,180,97,97,97,88,88,0,0,0,0,0,0,0,0,0,0,0,0,0,0,0,0,0,0,0,0,0,0,0,0,0,0,0,0,0,0,0,0,0,0,0,0,0,
0,0,0,0,0,0,0,0,0,0,0,0,0,0,0,0,0,0,0,0,0,0,0,0,0,0,0,0,0,0,0,0,0,88,88,97,97,97,97,97,171,180,180,171,97,97,97,97,80,80,80,88,80,97,80,80,80,80,80,88,97,80,80,97,171,180,180,171,97,97,97,97,97,88,88,0,0,0,0,0,0,0,0,0,0,0,0,0,0,0,0,0,0,0,0,0,0,0,0,0,0,0,0,0,0,0,0,0,0,0,
0,0,0,0,0,0,0,0,0,0,0,0,0,0,0,0,0,0,0,0,0,0,0,0,0,0,0,0,0,0,0,88,88,97,97,171,180,180,171,97,97,97,97,97,97,97,88,80,80,88,80,88,88,80,88,88,88,80,88,88,80,88,80,80,97,97,97,97,97,171,180,180,171,97,97,88,88,0,0,0,0,0,0,0,0,0,0,0,0,0,0,0,0,0,0,0,0,0,0,0,0,0,0,0,0,0,0,0,0,0,
0,0,0,0,0,0,0,0,0,0,0,0,0,0,0,0,0,0,0,0,0,0,0,0,0,0,0,0,0,0,88,89,89,89,89,89,89,89,88,88,88,88,88,97,97,97,88,170,80,88,88,88,88,80,80,88,80,80,88,88,80,80,88,80,88,97,97,97,97,89,89,89,89,89,97,97,97,88,0,0,0,0,0,0,0,0,0,0,0,0,0,0,0,0,0,0,0,0,0,0,0,0,0,0,0,0,0,0,0,0,
0,0,0,0,0,0,0,0,0,0,0,0,0,0,0,0,0,0,0,0,0,0,0,0,0,0,89,89,89,89,180,180,171,171,170,170,170,170,170,170,170,170,170,88,88,88,88,170,97,88,170,80,88,170,89,88,89,170,88,88,170,89,88,170,88,88,88,89,89,180,180,180,170,170,89,89,89,89,89,89,0,0,0,0,0,0,0,0,0,0,0,0,0,0,0,0,0,0,0,0,0,0,0,0,0,0,0,0,0,0,
0,0,0,0,0,0,0,0,0,0,0,0,0,0,0,0,0,0,0,0,0,0,0,89,89,89,180,180,180,180,180,171,170,170,170,170,170,170,170,170,170,170,170,170,170,170,88,170,170,80,170,170,80,170,170,88,170,170,80,170,170,170,88,97,88,170,170,170,170,171,180,180,171,170,170,170,170,170,170,170,89,89,88,0,0,0,0,0,0,0,0,0,0,0,0,0,0,0,0,0,0,0,0,0,0,0,0,0,0,0,
0,0,0,0,0,0,0,0,0,0,0,0,0,0,0,0,0,0,0,0,0,88,88,170,170,170,171,180,180,180,171,170,170,170,170,170,170,170,89,89,89,89,89,88,88,88,88,88,97,97,97,170,170,170,170,170,170,170,170,170,97,97,97,88,88,88,88,88,89,170,170,170,170,170,170,170,170,170,170,170,170,170,170,89,88,88,0,0,0,0,0,0,0,0,0,0,0,0,0,0,0,0,0,0,0,0,0,0,0,0,
0,0,0,0,0,0,0,0,0,0,0,0,0,0,0,0,0,0,0,88,88,97,97,170,170,170,170,170,170,170,170,170,170,170,89,89,89,89,170,170,171,180,180,171,170,170,170,170,88,88,88,97,97,170,170,170,170,97,97,97,88,88,88,170,170,170,170,170,170,89,89,89,89,89,170,170,170,170,170,180,180,180,171,170,170,97,89,88,0,0,0,0,0,0,0,0,0,0,0,0,0,0,0,0,0,0,0,0,0,0,
0,0,0,0,0,0,0,0,0,0,0,0,0,0,0,0,0,88,97,97,97,97,97,171,180,180,97,97,97,97,97,88,89,89,170,170,170,170,170,170,180,180,171,170,170,170,170,170,170,170,170,88,88,97,97,97,97,88,88,88,170,171,180,180,180,171,170,170,170,170,170,170,170,170,89,89,89,170,170,171,180,180,180,180,180,97,97,97,88,88,0,0,0,0,0,0,0,0,0,0,0,0,0,0,0,0,0,0,0,0,
0,0,0,0,0,0,0,0,0,0,0,0,0,0,0,0,88,97,97,97,97,171,171,180,180,180,170,170,170,88,88,170,170,170,170,170,171,180,180,170,170,170,170,170,170,170,170,170,170,170,170,170,170,88,97,97,88,170,170,170,170,171,180,180,180,170,170,170,170,170,170,170,170,170,170,170,170,89,89,170,171,180,180,180,171,97,97,97,97,89,88,0,0,0,0,0,0,0,0,0,0,0,0,0,0,0,0,0,0,0,
0,0,0,0,0,0,0,0,0,0,0,0,0,0,0,88,89,97,97,97,171,180,180,180,180,171,170,170,88,170,170,170,170,170,170,171,180,180,180,180,170,170,170,170,170,170,170,170,170,170,170,170,170,170,88,88,170,170,170,170,170,170,170,170,170,170,170,170,170,170,170,170,170,170,170,170,170,170,170,88,88,97,97,97,97,97,97,89,89,89,89,88,0,0,0,0,0,0,0,0,0,0,0,0,0,0,0,0,0,0,
0,0,0,0,0,0,0,0,0,0,0,0,0,0,0,88,89,89,97,97,180,180,180,180,171,170,89,88,170,170,170,170,170,170,171,180,180,180,180,180,170,170,170,170,170,170,170,170,170,170,170,170,80,80,80,80,80,80,170,170,170,170,170,170,170,170,170,170,170,170,170,170,170,170,170,170,170,170,170,97,97,88,88,89,89,89,89,89,89,89,89,89,88,0,0,0,0,0,0,0,0,0,0,0,0,0,0,0,0,0,
0,0,0,0,0,0,0,0,0,0,0,0,0,0,88,89,89,89,89,89,89,180,170,88,170,88,97,97,170,170,170,170,170,170,180,180,180,180,180,171,170,170,170,170,171,180,180,180,180,170,80,80,80,80,80,80,80,80,80,80,170,170,170,170,170,170,170,170,170,170,170,170,170,180,180,180,171,97,97,97,97,97,89,88,89,89,89,171,170,89,89,89,89,88,0,0,0,0,0,0,0,0,0,0,0,0,0,0,0,0,
0,0,0,0,0,0,0,0,0,0,0,0,0,0,88,89,89,89,89,89,89,80,80,0,88,97,97,97,170,170,170,170,170,170,180,180,180,180,180,170,170,170,170,171,180,180,180,180,170,80,80,80,80,80,80,80,80,80,80,80,80,170,170,170,170,170,170,170,170,170,170,170,170,171,180,180,170,97,97,97,97,89,97,89,88,89,89,171,171,170,89,89,88,88,0,0,0,0,0,0,0,0,0,0,0,0,0,0,0,0,
0,0,0,0,0,0,0,0,0,0,0,0,0,0,88,89,89,89,89,80,80,0,0,88,97,97,97,97,170,170,170,170,170,170,180,180,180,180,171,170,170,170,170,171,180,180,170,80,80,80,80,80,80,80,80,80,80,80,80,80,80,80,80,170,170,170,170,170,170,170,170,170,170,170,170,97,97,97,97,97,89,97,89,97,89,89,88,88,88,89,89,89,89,88,0,0,0,0,0,0,0,0,0,0,0,0,0,0,0,0,
0,0,0,0,0,0,0,0,0,0,0,0,0,0,88,89,89,89,80,0,0,0,88,89,89,97,97,97,97,170,170,170,170,170,171,180,180,180,170,170,170,170,170,170,170,80,80,80,88,80,80,8,88,80,80,8,80,80,80,8,80,80,80,80,170,170,170,170,170,97,97,97,97,97,97,97,97,97,89,89,97,89,97,89,89,89,89,80,80,80,80,89,89,89,80,0,0,0,0,0,0,0,0,0,0,0,0,0,0,0,
0,0,0,0,0,0,0,0,0,0,0,0,0,0,0,89,89,80,0,0,0,88,89,89,89,97,97,97,97,97,97,170,170,170,170,171,171,170,170,170,170,97,97,97,80,0,80,88,88,88,8,88,88,88,8,80,80,80,8,80,8,80,80,0,80,97,97,97,97,97,97,97,170,170,171,171,89,89,89,89,89,89,89,89,89,89,89,89,80,0,0,80,89,89,80,0,0,0,0,0,0,0,0,0,0,0,0,0,0,0,
0,0,0,0,0,0,0,0,0,0,0,0,0,0,0,80,80,0,0,0,88,89,89,89,89,89,97,97,97,97,97,97,170,170,170,170,170,170,97,97,97,97,97,80,0,0,80,88,88,88,88,88,88,88,88,88,88,88,80,80,80,80,80,0,0,80,89,89,89,89,89,89,171,171,171,171,89,89,89,89,89,89,89,89,89,89,89,89,89,80,0,0,80,80,0,0,0,0,0,0,0,0,0,0,0,0,0,0,0,0,
0,0,0,0,0,0,0,0,0,0,0,0,0,0,0,0,0,0,0,0,88,89,89,89,89,89,89,89,97,97,97,97,97,97,97,97,97,97,89,89,89,89,80,0,0,0,80,88,88,88,88,88,88,88,88,88,88,88,88,80,80,80,80,80,0,0,80,89,89,89,89,170,171,171,171,171,89,89,89,89,89,89,89,89,89,89,89,89,89,89,80,0,0,0,0,0,0,0,0,0,0,0,0,0,0,0,0,0,0,0,
0,0,0,0,0,0,0,0,0,0,0,0,0,0,0,0,0,0,0,0,88,89,88,89,89,89,89,89,89,89,89,89,89,89,97,89,97,89,97,89,89,80,0,0,0,0,80,88,88,88,88,88,88,80,80,88,80,88,88,88,80,80,80,80,0,0,0,80,89,89,89,171,171,171,171,170,89,89,89,89,89,89,89,89,89,89,80,89,89,89,80,0,0,0,0,0,0,0,0,0,0,0,0,0,0,0,0,0,0,0,
0,0,0,0,0,0,0,0,0,0,0,0,0,0,0,0,0,0,0,0,0,80,80,89,89,89,89,89,89,89,89,89,89,89,89,97,89,97,89,89,80,0,0,0,0,80,88,88,88,80,88,88,88,80,88,80,88,80,88,88,80,80,80,80,0,0,0,0,80,89,89,171,171,171,171,170,89,89,89,89,89,89,89,89,89,89,89,80,80,80,0,0,0,0,0,0,0,0,0,0,0,0,0,0,0,0,0,0,0,0,
0,0,0,0,0,0,0,0,0,0,0,0,0,0,0,0,0,0,0,0,0,0,0,80,80,89,89,89,89,89,88,89,89,89,89,89,89,89,89,89,80,0,0,0,0,80,80,88,80,88,80,88,80,88,88,88,88,80,88,80,88,80,80,80,0,0,0,0,80,80,89,170,171,171,170,89,89,89,89,89,89,89,89,89,89,89,89,80,0,0,0,0,0,0,0,0,0,0,0,0,0,0,0,0,0,0,0,0,0,0,
0,0,0,0,0,0,0,0,0,0,0,0,0,0,0,0,0,0,0,0,0,0,0,0,0,80,80,80,89,89,88,89,89,89,89,89,89,89,89,80,0,0,0,0,0,80,88,80,88,88,88,80,88,88,88,88,88,88,80,88,88,88,80,80,0,0,0,0,0,80,89,89,89,89,89,89,89,89,89,89,89,89,89,89,89,80,80,0,0,0,0,0,0,0,0,0,0,0,0,0,0,0,0,0,0,0,0,0,0,0,
0,0,0,0,0,0,0,0,0,0,0,0,0,0,0,0,0,0,0,0,0,0,0,0,0,0,0,0,80,80,0,80,89,89,89,89,89,89,80,0,0,0,0,0,80,80,88,88,88,89,88,88,88,88,89,89,89,88,88,88,88,88,88,80,0,0,0,0,0,0,80,89,89,89,89,80,89,89,89,89,89,89,80,80,80,0,0,0,0,0,0,0,0,0,0,0,0,0,0,0,0,0,0,0,0,0,0,0,0,0,
0,0,0,0,0,0,0,0,0,0,0,0,0,0,0,0,0,0,0,0,0,0,0,0,0,0,0,0,0,0,0,80,80,80,89,89,89,89,80,0,80,80,0,80,80,80,88,89,89,89,89,89,89,89,89,89,89,89,89,88,88,88,88,80,80,80,0,80,80,0,80,89,89,89,89,80,80,89,89,80,80,80,0,0,0,0,0,0,0,0,0,0,0,0,0,0,0,0,0,0,0,0,0,0,0,0,0,0,0,0,
0,0,0,0,0,0,0,0,0,0,0,0,0,0,0,0,0,0,0,0,0,0,0,0,0,0,0,0,0,0,0,0,0,0,80,80,80,80,80,80,80,80,80,80,80,80,89,89,89,89,89,89,89,89,89,89,89,89,89,88,88,88,88,80,80,80,80,80,80,80,0,80,89,89,89,80,0,80,80,0,0,0,0,0,0,0,0,0,0,0,0,0,0,0,0,0,0,0,0,0,0,0,0,0,0,0,0,0,0,0,
0,0,0,0,0,0,0,0,0,0,0,0,0,0,0,0,0,0,0,0,0,0,0,0,0,0,0,0,80,80,80,80,0,0,0,0,80,80,80,80,80,80,80,80,80,80,88,89,89,80,89,89,89,80,89,80,80,89,89,89,80,88,88,80,80,80,80,80,80,80,80,80,89,89,89,80,0,0,0,0,0,0,0,0,0,0,0,0,0,0,0,0,0,0,0,0,0,0,0,0,0,0,0,0,0,0,0,0,0,0,
0,0,0,0,0,0,0,0,0,0,0,0,0,0,0,0,0,0,0,0,0,0,0,88,80,80,80,89,80,89,89,89,89,80,80,89,80,80,80,80,80,80,80,80,80,80,80,89,80,89,80,89,80,89,80,89,89,80,89,80,88,80,88,80,80,80,80,80,80,80,80,80,80,80,80,80,80,80,80,80,80,80,80,80,80,0,0,0,0,0,0,0,0,0,0,0,0,0,0,0,0,0,0,0,0,0,0,0,0,0,
0,0,0,0,0,0,0,0,0,0,0,0,0,0,0,0,0,88,88,88,88,0,0,88,170,97,97,97,97,89,89,89,89,89,89,89,88,80,80,80,80,80,80,80,80,80,80,88,89,89,89,80,89,89,89,89,89,89,80,88,88,88,80,80,80,80,80,80,80,88,88,88,88,88,88,80,88,88,88,80,80,88,88,89,80,80,80,80,80,80,0,0,0,0,0,0,0,0,0,0,0,0,0,0,0,0,0,0,0,0,
0,0,0,0,0,0,0,0,0,0,0,0,88,88,88,0,0,88,170,170,170,88,88,170,89,170,170,97,88,88,88,88,88,88,88,89,89,88,88,80,80,80,80,80,80,80,80,80,80,88,88,89,89,89,89,89,88,88,88,88,88,80,80,80,80,80,80,88,88,88,88,88,88,88,88,88,88,88,88,88,88,88,89,89,80,89,89,89,89,80,80,80,80,0,0,0,0,0,0,0,0,0,0,0,0,0,0,0,0,0,
0,0,0,0,0,0,0,0,0,0,0,88,88,170,170,88,88,88,170,170,170,170,89,170,89,170,88,88,170,170,170,89,89,89,89,89,89,89,88,80,80,80,80,80,88,88,88,88,88,80,80,88,88,80,80,80,88,88,80,80,80,88,88,88,88,80,88,88,88,88,88,88,88,88,88,88,88,88,88,88,89,89,89,89,89,89,89,89,89,89,80,89,80,80,80,0,0,0,0,0,0,0,0,0,0,0,0,0,0,0,
0,0,0,0,0,0,0,0,0,0,0,88,170,170,170,170,170,170,89,170,170,170,170,171,171,171,170,170,88,88,88,88,88,88,88,88,88,88,88,80,80,80,80,88,88,88,88,88,88,88,88,80,88,170,97,88,80,80,88,88,88,88,88,88,88,80,88,88,88,88,88,88,88,88,80,80,80,80,80,80,80,80,80,80,89,89,89,89,89,89,89,89,89,89,89,80,80,80,0,0,0,0,0,0,0,0,0,0,0,0,
0,0,0,0,0,0,0,0,0,88,88,88,88,170,170,170,170,170,170,170,171,171,171,89,88,88,88,88,89,89,89,89,89,89,89,89,89,89,89,89,89,88,88,80,80,80,97,97,97,97,97,97,89,170,97,88,97,97,97,97,97,97,80,80,80,80,80,88,88,88,80,80,80,80,89,89,89,89,89,80,89,80,89,89,80,80,80,80,80,80,89,89,89,89,80,89,89,80,80,80,0,0,0,0,0,0,0,0,0,0,
0,0,0,0,0,0,0,0,88,171,171,171,170,170,170,170,170,171,171,89,89,88,88,170,170,88,170,170,88,80,80,80,80,80,80,80,89,89,89,89,80,80,97,97,97,97,97,97,97,97,97,97,89,170,97,88,97,97,97,97,97,97,97,97,89,89,80,80,80,80,89,89,89,89,89,89,89,89,89,80,89,89,89,80,89,89,80,89,89,89,80,80,80,89,89,89,89,80,89,80,0,0,0,0,0,0,0,0,0,0,
0,0,0,0,88,88,88,88,88,171,171,171,170,170,170,171,89,88,88,170,170,88,170,170,170,89,170,170,88,171,171,171,171,170,170,170,80,80,80,80,88,97,97,97,97,88,97,97,97,97,97,97,89,170,97,88,97,97,97,97,97,97,97,97,97,89,89,80,89,89,89,89,89,89,89,89,80,80,89,80,89,89,89,89,80,89,89,80,89,89,89,89,89,80,80,89,89,89,89,80,80,80,80,0,0,0,0,0,0,0,
0,0,0,88,171,171,171,171,88,88,171,171,170,170,89,89,170,170,170,170,170,89,170,170,170,170,170,170,88,171,80,80,171,171,170,170,170,97,89,89,88,97,97,88,88,97,97,97,97,97,97,170,170,171,89,170,170,170,170,97,97,97,88,88,97,89,89,80,89,89,89,89,89,89,89,80,80,80,89,80,89,89,89,89,89,80,89,89,89,89,89,89,80,89,89,89,89,89,97,97,97,97,97,80,80,0,0,0,0,0,
0,0,0,88,171,171,171,171,171,171,171,171,170,170,170,170,170,170,170,170,89,170,170,170,170,170,170,170,88,171,88,88,80,171,171,170,170,170,97,89,89,88,88,97,97,97,97,88,170,170,170,170,170,171,89,170,170,170,170,170,170,97,97,97,88,89,89,80,89,89,89,89,89,89,80,80,80,80,89,80,89,89,89,89,89,89,89,89,89,89,89,89,89,80,89,89,89,97,97,97,97,97,97,97,170,89,89,89,0,0,
0,0,0,0,88,88,171,171,171,171,171,171,171,170,170,170,170,170,170,170,89,170,170,170,170,170,170,170,170,88,171,88,88,80,171,171,170,170,170,97,89,88,97,97,97,97,88,170,170,170,170,170,170,171,89,170,170,170,170,170,170,170,170,97,97,88,80,80,89,89,89,89,89,80,80,80,80,80,89,80,89,89,89,89,89,89,89,89,89,89,89,89,89,89,80,97,97,97,97,97,97,97,97,170,170,170,170,170,89,89,
0,0,88,88,171,171,171,171,171,171,171,171,171,171,80,170,170,170,170,170,170,170,170,80,170,170,170,170,170,88,171,88,88,88,80,171,171,170,170,170,89,88,97,97,88,170,170,170,170,170,170,170,170,171,170,170,170,170,170,170,170,170,170,170,97,89,80,80,89,89,89,89,80,80,80,80,80,89,80,89,80,89,89,89,89,89,89,89,89,89,89,89,89,89,80,97,97,97,97,97,97,170,170,89,88,89,170,170,170,89,
88,88,171,171,171,171,171,171,89,171,171,171,171,171,80,171,171,171,170,170,170,170,80,80,170,170,170,170,170,170,89,97,88,88,88,80,171,171,170,170,170,170,88,88,170,170,170,170,170,170,170,170,170,170,170,170,170,170,170,88,170,170,170,170,89,80,80,80,89,89,89,80,80,80,80,80,80,89,80,89,80,80,89,89,89,89,80,89,89,89,89,89,89,97,97,80,170,97,97,170,170,170,170,170,170,88,88,88,80,0,
88,171,171,171,171,171,171,171,89,171,171,171,171,80,0,80,171,171,171,171,171,171,80,80,170,170,170,80,170,170,88,171,88,88,88,88,80,171,170,170,170,170,89,80,170,170,170,170,80,88,170,170,170,170,170,170,170,170,170,170,88,170,170,80,89,80,80,80,89,89,89,89,88,80,80,80,89,89,80,80,80,88,80,89,89,89,89,80,97,97,97,80,97,97,97,89,80,170,170,170,89,170,170,170,170,80,0,0,0,0,
88,171,171,89,89,171,171,89,80,171,171,171,80,0,80,171,171,171,80,171,171,171,80,80,170,170,170,80,80,80,88,171,88,88,97,171,171,171,170,170,170,170,170,89,88,170,88,80,88,170,170,170,170,170,170,170,170,170,170,170,170,88,89,89,80,80,80,89,89,89,89,89,89,89,88,80,89,80,88,88,88,88,80,80,89,89,89,80,80,97,97,97,80,97,97,97,80,80,170,170,170,80,170,170,170,170,80,80,0,0,
88,88,89,89,171,171,80,80,171,171,171,89,80,0,80,89,89,80,80,171,171,80,88,80,80,80,80,80,88,88,88,171,97,97,171,171,171,171,170,170,170,170,170,89,89,80,80,88,170,170,170,170,170,170,170,170,170,170,170,170,170,88,80,80,80,80,80,89,89,89,89,89,89,89,89,89,89,80,88,88,88,88,88,88,80,80,80,80,80,80,80,80,80,80,80,80,80,0,80,170,170,170,80,80,170,170,170,80,0,0,
0,0,0,80,89,89,0,80,89,89,89,80,0,0,80,80,80,80,80,80,80,80,88,88,80,88,88,88,88,88,80,171,171,171,171,171,171,170,170,170,170,170,170,170,89,89,80,170,170,170,170,170,170,170,170,170,170,88,170,170,170,89,80,80,80,80,89,89,89,80,80,89,89,89,89,89,89,89,80,88,88,88,88,88,88,88,88,80,80,80,80,80,80,80,80,80,0,0,0,80,80,80,80,0,80,80,80,80,0,0,
0,0,0,0,80,80,0,80,80,80,80,0,0,0,80,88,88,88,88,88,88,88,88,80,89,89,88,88,88,88,171,171,171,171,171,171,88,89,97,170,170,170,170,170,170,170,80,170,170,170,88,170,170,170,170,170,170,170,88,170,89,80,80,89,89,89,89,89,89,88,88,80,80,89,89,89,89,89,89,80,88,88,88,88,88,88,88,80,80,80,80,80,80,80,80,80,80,0,0,0,0,0,0,0,0,0,0,0,0,0,
0,0,0,0,0,0,0,0,0,0,0,0,0,80,89,89,89,89,89,88,88,88,80,97,97,89,89,88,88,171,171,171,171,171,171,88,171,171,171,171,170,170,170,170,170,170,89,80,170,88,89,170,170,170,88,170,170,170,80,80,80,80,80,89,89,89,89,89,89,89,88,88,88,89,89,89,89,89,89,89,80,88,88,88,88,88,88,88,80,80,80,80,80,80,80,80,80,0,0,0,0,0,0,0,0,0,0,0,0,0,
0,0,0,0,0,0,0,0,0,0,0,0,0,80,89,89,89,89,89,89,89,89,80,97,97,97,97,88,170,171,171,171,171,171,88,170,171,171,170,170,170,170,88,170,170,170,89,89,80,88,170,170,170,170,88,170,170,170,80,80,80,80,89,89,89,89,89,89,89,89,89,88,88,88,89,89,89,89,89,89,80,88,88,88,88,88,88,88,80,80,80,80,80,80,80,80,80,80,0,0,0,0,0,0,0,0,0,0,0,0,
0,0,0,0,0,0,0,0,0,0,0,0,80,89,89,89,89,89,89,89,89,88,97,97,97,97,88,170,170,170,171,171,171,171,97,88,88,170,170,170,170,97,89,88,170,170,170,170,89,80,170,170,170,88,80,89,170,89,80,80,89,89,89,89,89,89,89,89,89,80,80,171,171,88,89,89,89,89,89,89,89,80,88,88,88,88,89,89,80,80,80,80,80,80,80,80,80,80,0,0,0,0,0,0,0,0,0,0,0,0,
0,0,0,0,0,0,0,0,0,0,0,0,80,89,89,89,89,89,89,89,89,88,97,97,97,97,88,170,170,170,170,170,171,171,89,180,180,88,80,170,97,97,89,88,170,170,170,170,170,170,80,80,170,88,80,80,80,80,89,89,89,89,89,89,89,89,89,89,80,171,80,171,171,80,89,89,89,89,89,89,89,80,88,88,88,89,89,89,89,80,80,80,80,80,80,80,80,80,80,0,0,0,0,0,0,0,0,0,0,0,
0,0,0,0,0,0,0,0,0,0,0,80,89,88,80,89,89,89,89,89,88,97,97,97,97,88,97,170,170,170,170,170,170,170,89,180,180,80,170,80,80,89,89,88,170,170,170,170,170,170,89,89,80,80,80,80,80,89,97,97,97,89,89,80,89,89,89,80,80,80,80,171,171,80,89,89,89,89,89,89,88,88,80,88,89,89,89,89,89,80,80,80,80,80,80,80,80,80,80,0,0,0,0,0,0,0,0,0,0,0,
0,0,0,0,0,0,0,0,0,0,0,80,89,80,97,89,89,89,89,89,88,97,97,97,97,88,97,170,170,170,170,170,170,170,89,171,180,89,80,80,80,80,89,88,170,170,170,170,170,170,170,89,89,89,89,89,89,97,97,97,97,97,97,80,89,80,180,89,80,80,89,171,171,80,89,89,89,89,89,89,88,88,88,80,89,89,89,89,89,80,80,80,80,80,80,80,80,80,80,80,0,0,0,0,0,0,0,0,0,0,
0,0,0,0,0,0,0,0,0,0,0,80,89,89,89,89,89,89,89,89,88,97,97,97,88,97,97,170,170,170,170,170,170,170,170,171,180,180,88,88,89,171,88,170,170,170,170,170,170,170,170,97,89,89,89,89,97,97,97,97,97,97,97,97,80,88,180,180,180,180,180,171,80,89,89,89,89,89,89,89,88,88,88,80,89,89,89,89,89,80,80,80,80,80,80,80,80,80,80,80,0,0,0,0,0,0,0,0,0,0,
0,0,0,0,0,0,0,0,0,0,80,89,89,89,89,89,89,89,89,88,89,170,97,97,88,97,97,97,170,170,170,170,170,170,170,89,171,180,180,180,171,171,89,170,170,170,170,170,170,170,170,97,89,89,89,89,97,97,97,97,97,97,97,97,97,97,80,171,180,180,171,80,89,89,89,89,89,89,89,88,88,88,88,80,89,89,89,89,89,89,80,80,80,80,80,80,80,80,80,80,8,0,0,0,0,0,0,0,0,0,
0,0,0,0,0,0,0,0,0,0,80,89,89,89,89,89,89,89,89,88,97,171,170,97,97,88,89,97,97,97,170,170,170,170,170,170,89,171,171,171,171,89,170,170,170,170,170,170,170,170,170,97,89,89,89,89,97,97,97,97,97,97,97,97,97,97,97,97,80,80,80,89,89,89,89,89,89,80,88,88,88,88,80,89,89,89,89,89,89,89,80,80,80,80,80,80,80,80,80,80,8,0,0,0,0,0,0,0,0,0,
0,0,0,0,0,0,0,0,0,0,80,89,89,89,89,89,89,89,89,88,171,171,170,97,97,80,89,89,89,89,80,97,97,97,170,170,170,89,89,89,89,170,170,170,170,170,170,170,170,170,170,97,97,89,89,97,97,97,97,97,97,97,97,97,97,97,89,89,89,89,89,89,89,89,89,80,80,80,88,88,88,88,80,89,89,89,89,89,89,89,80,80,80,80,80,80,80,80,80,80,8,0,0,0,0,0,0,0,0,0,
0,0,0,0,0,0,0,0,0,0,80,89,89,89,88,89,89,89,89,88,171,170,170,97,97,97,80,89,89,89,89,80,80,97,97,97,97,97,170,170,170,170,170,170,170,170,170,170,170,171,170,97,97,97,89,97,97,97,97,97,97,97,89,89,89,89,89,89,89,89,80,80,80,80,80,88,88,88,88,88,88,80,89,89,89,89,89,89,89,89,80,80,80,80,80,80,80,80,80,80,8,0,0,0,0,0,0,0,0,0,
0,0,0,0,0,0,0,0,0,0,80,89,89,88,97,89,89,89,89,88,171,170,170,97,97,97,80,89,89,89,89,89,89,80,80,80,80,80,97,97,97,97,97,170,170,170,170,170,170,171,171,97,97,89,97,97,97,97,97,97,97,89,89,89,89,80,80,80,80,80,80,171,171,80,88,88,88,88,88,88,88,89,89,89,89,89,89,89,89,89,80,80,80,80,80,80,80,80,8,80,8,0,0,0,0,0,0,0,0,0,
0,0,0,0,0,0,0,0,0,0,0,80,89,80,97,89,89,89,88,80,171,170,97,97,97,97,97,80,80,89,89,89,89,89,89,80,180,171,80,80,80,80,80,89,89,89,97,97,89,80,170,97,89,97,89,97,97,89,80,80,89,89,89,80,80,80,80,80,80,80,80,171,171,80,88,88,88,88,88,80,80,89,89,89,89,89,89,89,89,89,80,80,80,80,80,80,80,8,8,8,0,0,0,0,0,0,0,0,0,0,
0,0,0,0,0,0,0,0,0,0,0,80,89,89,89,89,88,88,88,80,170,170,97,97,97,97,97,97,97,80,80,89,89,89,89,80,180,180,80,80,80,80,89,80,80,80,89,89,89,89,89,89,89,89,89,89,89,89,89,89,89,80,80,89,89,89,80,80,80,80,80,171,80,88,88,88,88,80,80,80,80,89,89,89,89,89,89,89,89,89,80,80,80,80,80,80,80,80,80,8,0,0,0,0,0,0,0,0,0,0,
0,0,0,0,0,0,0,0,0,0,0,0,80,88,88,88,88,88,88,80,97,97,97,97,97,97,97,97,97,97,80,80,80,89,89,89,80,180,80,80,80,89,89,89,89,89,80,80,80,89,89,89,89,89,89,89,89,89,89,80,80,89,89,89,89,89,89,80,80,80,80,80,88,88,88,80,80,80,80,80,89,89,89,89,89,89,89,89,89,89,80,80,80,80,80,80,80,80,80,0,0,0,0,0,0,0,0,0,0,0,
0,0,0,0,0,0,0,0,0,0,0,0,80,80,80,88,88,88,88,80,97,97,97,97,97,97,97,97,97,97,97,97,97,80,89,89,89,80,80,80,80,89,89,89,97,97,97,97,97,80,80,80,80,80,80,80,80,80,80,97,97,97,97,97,89,89,89,80,80,80,80,80,88,88,80,80,80,80,89,89,89,89,89,89,89,89,89,89,89,89,80,80,80,80,8,80,80,80,8,0,0,0,0,0,0,0,0,0,0,0,
0,0,0,0,0,0,0,0,0,0,0,0,0,80,80,80,80,80,80,80,80,97,97,97,97,97,97,97,97,97,97,97,97,97,80,89,89,80,80,80,80,89,97,97,97,97,97,170,170,170,170,170,170,170,170,170,170,170,170,170,97,97,97,97,97,97,89,80,80,80,80,80,88,80,80,80,80,89,89,89,89,89,89,89,89,89,89,89,88,8,80,80,80,8,8,80,80,8,0,0,0,0,0,0,0,0,0,0,0,0,
0,0,0,0,0,0,0,0,0,0,0,0,0,80,80,80,80,80,80,80,170,97,97,97,97,97,97,97,97,97,97,97,97,97,97,80,89,80,80,80,80,89,97,97,170,170,170,170,170,170,170,170,170,170,170,170,170,170,170,170,170,170,97,97,97,97,89,80,80,80,80,88,88,80,80,80,88,89,89,89,89,89,89,89,89,89,89,89,88,8,80,80,80,80,80,80,8,0,0,0,0,0,0,0,0,0,0,0,0,0,
0,0,0,0,0,0,0,0,0,0,0,0,0,0,80,80,80,80,80,80,170,88,97,97,97,97,97,97,97,97,97,97,97,97,97,80,89,89,80,80,80,80,97,97,170,170,170,170,170,170,170,170,170,170,170,170,170,170,170,170,170,170,170,97,97,89,80,80,80,80,88,88,80,80,80,80,88,89,89,89,89,89,89,80,89,89,88,88,88,80,80,80,80,80,80,80,8,0,0,0,0,0,0,0,0,0,0,0,0,0,
0,0,0,0,0,0,0,0,0,0,0,0,0,0,80,80,80,80,80,80,80,88,97,97,97,97,97,97,97,97,97,97,97,97,97,97,80,89,89,80,80,80,80,80,89,170,170,170,170,170,170,170,170,170,170,170,170,170,170,170,170,170,170,97,80,80,80,80,80,88,88,80,80,80,80,80,88,88,89,89,89,89,89,80,88,88,88,80,8,80,80,80,8,8,80,8,0,0,0,0,0,0,0,0,0,0,0,0,0,0,
0,0,0,0,0,0,0,0,0,0,0,0,0,88,80,80,80,80,80,80,80,80,97,97,97,97,97,97,97,97,97,97,97,97,97,97,97,80,89,89,80,80,80,180,80,80,170,170,170,170,170,170,170,170,170,170,170,170,170,170,170,89,80,80,180,80,80,80,88,88,80,80,80,80,80,80,80,88,88,89,89,80,80,80,88,88,80,80,8,8,8,8,80,80,80,8,0,0,0,0,0,0,0,0,0,0,0,0,0,0,
0,0,0,0,0,0,0,0,0,0,0,0,0,170,180,180,80,80,80,80,80,80,80,97,97,80,170,97,97,97,97,97,97,97,97,97,97,97,80,89,89,80,171,180,80,180,80,89,89,89,89,89,89,89,89,89,89,89,89,89,80,80,180,80,180,171,80,88,88,80,80,80,80,80,80,80,80,80,80,88,88,88,88,88,80,80,80,80,8,80,80,80,80,80,170,80,0,0,0,0,0,0,0,0,0,0,0,0,0,0,
0,0,0,0,0,0,0,0,0,0,0,0,88,180,180,170,80,80,80,180,170,80,80,97,97,88,80,97,97,97,97,97,97,97,97,97,97,89,89,80,80,89,89,80,180,171,80,80,80,80,80,80,80,80,80,80,80,80,80,80,80,80,180,171,80,88,88,88,80,80,80,80,80,80,80,80,80,80,80,80,80,80,80,80,80,80,80,80,170,97,80,80,8,8,97,97,80,0,0,0,0,0,0,0,0,0,0,0,0,0,
0,0,0,0,0,0,0,0,0,0,0,0,0,88,88,88,0,80,180,180,170,80,80,80,97,97,97,97,97,97,97,97,80,170,80,97,97,89,89,88,80,80,89,89,89,80,80,80,80,80,80,80,80,80,80,80,80,80,80,80,80,80,80,80,88,88,88,80,80,80,80,80,80,88,80,80,80,80,80,80,80,80,80,80,80,80,80,170,170,97,8,8,0,80,80,80,80,0,0,0,0,0,0,0,0,0,0,0,0,0,
0,0,0,0,0,0,0,0,0,0,0,0,0,0,0,0,0,0,88,180,80,0,0,0,80,97,97,97,97,97,97,97,88,80,97,97,89,89,88,88,80,88,80,80,89,89,89,80,80,80,89,97,97,97,97,97,97,89,80,80,80,88,88,88,88,88,80,80,80,80,80,80,80,80,80,80,80,80,80,80,80,80,80,80,80,80,8,80,97,80,0,0,0,0,0,0,0,0,0,0,0,0,0,0,0,0,0,0,0,0,
0,0,0,0,0,0,0,0,0,0,0,0,0,0,0,0,0,0,0,80,0,0,0,0,0,80,97,97,97,97,97,97,97,97,89,89,89,88,88,88,80,88,80,0,80,80,89,89,89,89,89,89,89,89,89,89,89,88,88,88,88,88,88,88,80,80,80,80,80,80,80,80,80,80,80,80,80,80,80,80,80,80,80,80,80,80,8,0,80,0,0,0,0,0,0,0,0,0,0,0,0,0,0,0,0,0,0,0,0,0,
0,0,0,0,0,0,0,0,0,0,0,0,0,0,0,0,0,0,0,0,0,0,0,0,0,0,80,89,89,89,89,89,89,89,89,88,88,88,88,80,88,8,0,0,0,0,80,8,8,8,80,80,80,80,80,80,80,80,80,8,8,8,80,80,80,80,80,80,80,80,80,80,80,80,80,80,80,80,80,80,80,80,80,80,8,80,80,0,0,0,0,0,0,0,0,0,0,0,0,0,0,0,0,0,0,0,0,0,0,0,
0,0,0,0,0,0,0,0,0,0,0,0,0,0,0,0,0,0,0,0,0,0,0,0,0,0,0,88,88,88,88,88,88,88,88,88,88,88,80,88,88,8,0,0,0,0,0,0,0,0,0,0,0,0,0,0,0,0,0,0,0,0,0,0,80,80,80,80,80,80,80,80,80,80,80,80,80,80,88,80,80,80,80,80,80,8,0,0,0,0,0,0,0,0,0,0,0,0,0,0,0,0,0,0,0,0,0,0,0,0,
0,0,0,0,0,0,0,0,0,0,0,0,0,0,0,0,0,0,0,0,0,0,0,0,0,0,0,80,88,88,88,88,80,80,88,80,80,88,88,88,8,0,0,0,0,0,0,0,0,0,0,0,0,0,0,0,0,0,0,0,0,0,0,0,80,80,80,80,80,80,80,80,80,80,80,80,80,80,80,80,80,80,80,8,0,0,0,0,0,0,0,0,0,0,0,0,0,0,0,0,0,0,0,0,0,0,0,0,0,0,
0,0,0,0,0,0,0,0,0,0,0,0,0,0,0,0,0,0,0,0,0,0,0,0,0,0,0,88,180,88,88,88,88,88,88,88,88,88,88,170,8,0,0,0,0,0,0,0,0,0,0,0,0,0,0,0,0,0,0,0,0,0,0,80,80,80,80,80,80,80,80,80,80,80,80,80,80,80,80,80,80,80,8,0,0,0,0,0,0,0,0,0,0,0,0,0,0,0,0,0,0,0,0,0,0,0,0,0,0,0,
0,0,0,0,0,0,0,0,0,0,0,0,0,0,0,0,0,0,0,0,0,0,0,0,0,0,88,180,180,170,88,88,88,88,170,80,88,88,88,180,170,8,0,0,0,0,0,0,0,0,0,0,0,0,0,0,0,0,0,0,0,0,0,8,80,80,80,80,80,80,80,80,80,80,80,80,80,80,80,80,80,8,0,0,0,0,0,0,0,0,0,0,0,0,0,0,0,0,0,0,0,0,0,0,0,0,0,0,0,0,
0,0,0,0,0,0,0,0,0,0,0,0,0,0,0,0,0,0,0,0,0,0,0,0,0,0,88,180,170,80,80,80,80,170,180,170,80,80,80,170,180,8,0,0,0,0,0,0,0,0,0,0,0,0,0,0,0,0,0,0,0,0,0,8,80,80,80,80,80,80,80,80,80,80,80,80,80,80,80,80,80,0,0,0,0,0,0,0,0,0,0,0,0,0,0,0,0,0,0,0,0,0,0,0,0,0,0,0,0,0,
0,0,0,0,0,0,0,0,0,0,0,0,0,0,0,0,0,0,0,0,0,0,0,0,0,0,88,80,80,0,0,0,88,180,180,170,88,0,0,80,80,0,0,0,0,0,0,0,0,0,0,0,0,0,0,0,0,0,0,0,0,0,88,180,180,80,80,80,80,80,80,80,80,80,80,80,80,80,80,80,8,0,0,0,0,0,0,0,0,0,0,0,0,0,0,0,0,0,0,0,0,0,0,0,0,0,0,0,0,0,
0,0,0,0,0,0,0,0,0,0,0,0,0,0,0,0,0,0,0,0,0,0,0,0,0,0,0,0,0,0,0,0,0,88,180,88,0,0,0,0,0,0,0,0,0,0,0,0,0,0,0,0,0,0,0,0,0,0,0,0,0,0,88,180,170,80,80,80,80,80,171,80,8,80,80,80,80,80,80,80,0,0,0,0,0,0,0,0,0,0,0,0,0,0,0,0,0,0,0,0,0,0,0,0,0,0,0,0,0,0,
0,0,0,0,0,0,0,0,0,0,0,0,0,0,0,0,0,0,0,0,0,0,0,0,0,0,0,0,0,0,0,0,0,0,88,0,0,0,0,0,0,0,0,0,0,0,0,0,0,0,0,0,0,0,0,0,0,0,0,0,0,88,180,180,80,8,8,8,80,171,171,80,8,80,80,80,80,171,80,8,0,0,0,0,0,0,0,0,0,0,0,0,0,0,0,0,0,0,0,0,0,0,0,0,0,0,0,0,0,0,
0,0,0,0,0,0,0,0,0,0,0,0,0,0,0,0,0,0,0,0,0,0,0,0,0,0,0,0,0,0,0,0,0,0,0,0,0,0,0,0,0,0,0,0,0,0,0,0,0,0,0,0,0,0,0,0,0,0,0,0,0,88,8,8,0,0,0,80,80,180,171,170,8,8,8,8,80,171,97,8,0,0,0,0,0,0,0,0,0,0,0,0,0,0,0,0,0,0,0,0,0,0,0,0,0,0,0,0,0,0,
0,0,0,0,0,0,0,0,0,0,0,0,0,0,0,0,0,0,0,0,0,0,0,0,0,0,0,0,0,0,0,0,0,0,0,0,0,0,0,0,0,0,0,0,0,0,0,0,0,0,0,0,0,0,0,0,0,0,0,0,0,0,0,0,0,0,0,0,80,180,171,80,0,0,0,0,80,171,97,8,0,0,0,0,0,0,0,0,0,0,0,0,0,0,0,0,0,0,0,0,0,0,0,0,0,0,0,0,0,0,
0,0,0,0,0,0,0,0,0,0,0,0,0,0,0,0,0,0,0,0,0,0,0,0,0,0,0,0,0,0,0,0,0,0,0,0,0,0,0,0,0,0,0,0,0,0,0,0,0,0,0,0,0,0,0,0,0,0,0,0,0,0,0,0,0,0,0,0,0,80,80,0,0,0,0,0,0,80,80,0,0,0,0,0,0,0,0,0,0,0,0,0,0,0,0,0,0,0,0,0,0,0,0,0,0,0,0,0,0,0,


