bulba_2: .word 110, 85
.byte 0,0,0,0,0,0,0,0,0,0,0,0,0,0,0,0,0,0,0,0,0,0,0,0,0,0,0,0,0,0,0,0,0,0,0,0,0,0,0,0,0,82,82,82,82,82,82,82,82,82,82,0,0,0,0,0,0,0,0,0,0,0,0,82,82,82,82,0,0,0,0,0,0,0,0,0,0,0,0,0,0,0,0,0,0,0,0,0,0,0,0,0,0,0,0,0,0,0,0,0,0,0,0,0,0,0,0,0,0,0,
0,0,0,0,0,0,0,0,0,0,0,0,0,0,0,0,0,0,0,0,0,0,0,0,0,0,0,0,0,0,0,0,0,0,0,0,0,82,82,82,91,91,91,91,91,91,164,173,173,164,91,82,82,0,0,0,0,0,0,0,82,82,91,91,91,91,91,91,82,82,82,0,0,0,0,0,0,0,0,0,0,0,0,0,0,0,0,0,0,0,0,0,0,0,0,0,0,0,0,0,0,0,0,0,0,0,0,0,0,0,
0,0,0,0,0,0,0,0,0,0,0,0,0,0,0,0,0,0,0,0,0,0,0,0,0,0,0,0,0,0,0,0,0,0,0,82,82,91,91,91,173,173,164,91,91,164,173,173,164,91,73,82,91,82,0,0,0,0,82,82,91,91,91,91,91,164,173,173,91,91,91,82,82,0,0,0,0,0,0,0,0,0,0,0,0,0,0,0,0,0,0,0,0,0,0,0,0,0,0,0,0,0,0,0,0,0,0,0,0,0,
0,0,0,0,0,0,0,0,0,0,0,0,0,0,0,0,0,0,0,0,0,0,0,0,0,0,0,0,0,0,0,0,0,82,82,91,91,91,91,91,164,173,173,164,91,91,91,91,73,73,73,82,73,91,73,73,73,73,73,82,91,73,73,91,164,173,173,164,91,91,91,91,91,82,82,0,0,0,0,0,0,0,0,0,0,0,0,0,0,0,0,0,0,0,0,0,0,0,0,0,0,0,0,0,0,0,0,0,0,0,
0,0,0,0,0,0,0,0,0,0,0,0,0,0,0,0,0,0,0,0,0,0,0,0,0,0,0,0,0,0,0,82,82,91,91,164,173,173,164,91,91,91,91,91,91,91,82,73,73,82,73,82,82,73,82,82,82,73,82,82,73,82,73,73,91,91,91,91,91,164,173,173,164,91,91,82,82,0,0,0,0,0,0,0,0,0,0,0,0,0,0,0,0,0,0,0,0,0,0,0,0,0,0,0,0,0,0,0,0,0,
0,0,0,0,0,0,0,0,0,0,0,0,0,0,0,0,0,0,0,0,0,0,0,0,0,0,0,0,0,0,82,82,82,82,82,82,82,82,82,82,82,82,82,91,91,91,82,164,73,82,82,82,82,73,73,82,73,73,82,82,73,73,82,73,82,91,91,91,91,82,82,82,82,82,91,91,91,82,0,0,0,0,0,0,0,0,0,0,0,0,0,0,0,0,0,0,0,0,0,0,0,0,0,0,0,0,0,0,0,0,
0,0,0,0,0,0,0,0,0,0,0,0,0,0,0,0,0,0,0,0,0,0,0,0,0,0,82,82,82,82,173,173,164,164,164,164,164,164,164,164,164,164,164,82,82,82,82,164,91,82,164,73,82,164,82,82,82,164,82,82,164,82,82,164,82,82,82,82,82,173,173,173,164,164,82,82,82,82,82,82,0,0,0,0,0,0,0,0,0,0,0,0,0,0,0,0,0,0,0,0,0,0,0,0,0,0,0,0,0,0,
0,0,0,0,0,0,0,0,0,0,0,0,0,0,0,0,0,0,0,0,0,0,0,82,82,82,173,173,173,173,173,164,164,164,164,164,164,164,164,164,164,164,164,164,164,164,82,164,164,73,164,164,73,164,164,82,164,164,73,164,164,164,82,91,82,164,164,164,164,164,173,173,164,164,164,164,164,164,164,164,82,82,82,0,0,0,0,0,0,0,0,0,0,0,0,0,0,0,0,0,0,0,0,0,0,0,0,0,0,0,
0,0,0,0,0,0,0,0,0,0,0,0,0,0,0,0,0,0,0,0,0,82,82,164,164,164,164,173,173,173,164,164,164,164,164,164,164,164,82,82,82,82,82,82,82,82,82,82,91,91,91,164,164,164,164,164,164,164,164,164,91,91,91,82,82,82,82,82,82,164,164,164,164,164,164,164,164,164,164,164,164,164,164,82,82,82,0,0,0,0,0,0,0,0,0,0,0,0,0,0,0,0,0,0,0,0,0,0,0,0,
0,0,0,0,0,0,0,0,0,0,0,0,0,0,0,0,0,0,0,82,82,91,91,164,164,164,164,164,164,164,164,164,164,164,82,82,82,82,164,164,164,173,173,164,164,164,164,164,82,82,82,91,91,164,164,164,164,91,91,91,82,82,82,164,164,164,164,164,164,82,82,82,82,82,164,164,164,164,164,173,173,173,164,164,164,91,82,82,0,0,0,0,0,0,0,0,0,0,0,0,0,0,0,0,0,0,0,0,0,0,
0,0,0,0,0,0,0,0,0,0,0,0,0,0,0,0,0,82,91,91,91,91,91,164,173,173,91,91,91,91,91,82,82,82,164,164,164,164,164,164,173,173,164,164,164,164,164,164,164,164,164,82,82,91,91,91,91,82,82,82,164,164,173,173,173,164,164,164,164,164,164,164,164,164,82,82,82,164,164,164,173,173,173,173,173,91,91,91,82,82,0,0,0,0,0,0,0,0,0,0,0,0,0,0,0,0,0,0,0,0,
0,0,0,0,0,0,0,0,0,0,0,0,0,0,0,0,82,91,91,91,91,164,164,173,173,173,164,164,164,82,82,164,164,164,164,164,164,173,173,164,164,164,164,164,164,164,164,164,164,164,164,164,164,82,91,91,82,164,164,164,164,164,173,173,173,164,164,164,164,164,164,164,164,164,164,164,164,82,82,164,164,173,173,173,164,91,91,91,91,82,82,0,0,0,0,0,0,0,0,0,0,0,0,0,0,0,0,0,0,0,
0,0,0,0,0,0,0,0,0,0,0,0,0,0,0,82,82,91,91,91,164,173,173,173,173,164,164,164,82,164,164,164,164,164,164,164,173,173,173,173,164,164,164,164,164,164,164,164,164,164,164,164,164,164,82,82,164,164,164,164,164,164,164,164,164,164,164,164,164,164,164,164,164,164,164,164,164,164,164,82,82,91,91,91,91,91,91,82,82,82,82,82,0,0,0,0,0,0,0,0,0,0,0,0,0,0,0,0,0,0,
0,0,0,0,0,0,0,0,0,0,0,0,0,0,0,82,82,82,91,91,173,173,173,173,164,164,82,82,164,164,164,164,164,164,164,173,173,173,173,173,164,164,164,164,164,164,164,164,164,164,164,164,73,73,73,73,73,73,164,164,164,164,164,164,164,164,164,164,164,164,164,164,164,164,164,164,164,164,164,91,91,82,82,82,82,82,82,82,82,82,82,82,82,0,0,0,0,0,0,0,0,0,0,0,0,0,0,0,0,0,
0,0,0,0,0,0,0,0,0,0,0,0,0,0,82,82,82,82,82,82,82,173,164,82,164,82,91,91,164,164,164,164,164,164,173,173,173,173,173,164,164,164,164,164,164,173,173,173,173,164,73,73,73,82,82,82,82,82,73,73,164,164,164,164,164,164,164,164,164,164,164,164,164,173,173,173,164,91,91,91,91,91,82,82,82,82,82,164,164,82,82,82,82,82,0,0,0,0,0,0,0,0,0,0,0,0,0,0,0,0,
0,0,0,0,0,0,0,0,0,0,0,0,0,0,82,82,82,82,82,82,82,73,73,0,82,91,91,91,164,164,164,164,164,164,173,173,173,173,173,164,164,164,164,164,173,173,173,173,164,73,73,82,82,82,82,82,82,82,82,82,73,164,164,164,164,164,164,164,164,164,164,164,164,164,173,173,164,91,91,91,91,82,91,82,82,82,82,164,164,164,82,82,82,82,0,0,0,0,0,0,0,0,0,0,0,0,0,0,0,0,
0,0,0,0,0,0,0,0,0,0,0,0,0,0,82,82,82,82,82,73,73,0,0,82,91,91,91,91,164,164,164,164,164,164,173,173,173,173,164,164,164,164,164,164,173,173,164,73,73,82,82,82,73,82,82,82,73,82,82,82,73,73,73,164,164,164,164,164,164,164,164,164,164,164,164,91,91,91,91,91,82,91,82,91,82,82,82,82,82,82,82,82,82,82,0,0,0,0,0,0,0,0,0,0,0,0,0,0,0,0,
0,0,0,0,0,0,0,0,0,0,0,0,0,0,82,82,82,82,73,0,0,0,82,82,82,91,91,91,91,164,164,164,164,164,164,173,173,173,164,164,164,164,164,164,164,73,73,73,82,73,82,9,82,73,82,9,82,73,82,9,82,73,73,73,164,164,164,164,164,91,91,91,91,91,91,91,91,91,82,82,91,82,91,82,82,82,82,73,73,73,73,82,82,82,73,0,0,0,0,0,0,0,0,0,0,0,0,0,0,0,
0,0,0,0,0,0,0,0,0,0,0,0,0,0,0,82,82,73,0,0,0,82,82,82,82,91,91,91,91,91,91,164,164,164,164,164,164,164,164,164,164,91,91,91,73,0,73,82,82,82,9,82,82,82,9,82,82,82,9,82,9,82,73,0,73,91,91,91,91,91,91,91,164,164,164,164,82,82,82,82,82,82,82,82,82,82,82,82,73,0,0,73,82,82,73,0,0,0,0,0,0,0,0,0,0,0,0,0,0,0,
0,0,0,0,0,0,0,0,0,0,0,0,0,0,0,73,73,0,0,0,82,82,82,82,82,82,91,91,91,91,91,91,164,164,164,164,164,164,91,91,91,91,91,73,0,0,73,82,82,82,82,82,82,82,82,82,82,82,82,82,82,82,73,0,0,73,82,82,82,82,82,82,164,164,164,164,82,82,82,82,82,82,82,82,82,82,82,82,82,73,0,0,73,73,0,0,0,0,0,0,0,0,0,0,0,0,0,0,0,0,
0,0,0,0,0,0,0,0,0,0,0,0,0,0,0,0,0,0,0,0,82,82,82,82,82,82,82,82,91,91,91,91,91,91,91,91,91,91,82,82,82,82,73,0,0,0,73,82,82,82,82,82,82,82,82,82,82,82,82,82,82,82,82,73,0,0,73,82,82,82,82,164,164,164,164,164,82,82,82,82,82,82,82,82,82,82,82,82,82,82,73,0,0,0,0,0,0,0,0,0,0,0,0,0,0,0,0,0,0,0,
0,0,0,0,0,0,0,0,0,0,0,0,0,0,0,0,0,0,0,0,82,82,82,82,82,82,82,82,82,82,82,82,82,82,91,82,91,82,91,82,82,73,0,0,0,0,73,82,82,82,82,82,82,73,82,82,73,82,82,82,82,82,82,73,0,0,0,73,82,82,82,164,164,164,164,164,82,82,82,82,82,82,82,82,82,82,73,82,82,82,73,0,0,0,0,0,0,0,0,0,0,0,0,0,0,0,0,0,0,0,
0,0,0,0,0,0,0,0,0,0,0,0,0,0,0,0,0,0,0,0,0,73,73,82,82,82,82,82,82,82,82,82,82,82,82,91,82,91,82,82,73,0,0,0,0,73,82,82,82,73,82,82,82,82,82,73,82,73,82,82,73,82,82,73,0,0,0,0,73,82,82,164,164,164,164,164,82,82,82,82,82,82,82,82,82,82,82,73,73,73,0,0,0,0,0,0,0,0,0,0,0,0,0,0,0,0,0,0,0,0,
0,0,0,0,0,0,0,0,0,0,0,0,0,0,0,0,0,0,0,0,0,0,0,73,73,82,82,82,82,82,82,82,82,82,82,82,82,82,82,82,73,0,0,0,0,73,82,82,73,82,73,82,73,82,82,82,82,73,82,82,82,73,82,73,0,0,0,0,73,73,82,164,164,164,164,82,82,82,82,82,82,82,82,82,82,82,82,73,0,0,0,0,0,0,0,0,0,0,0,0,0,0,0,0,0,0,0,0,0,0,
0,0,0,0,0,0,0,0,0,0,0,0,0,0,0,0,0,0,0,0,0,0,0,0,0,73,73,73,82,82,82,82,82,82,82,82,82,82,82,73,0,0,0,0,0,73,82,73,82,82,82,73,82,82,82,82,82,82,82,82,82,82,73,73,0,0,0,0,0,73,82,82,82,82,82,82,82,82,82,82,82,82,82,82,82,73,73,0,0,0,0,0,0,0,0,0,0,0,0,0,0,0,0,0,0,0,0,0,0,0,
0,0,0,0,0,0,0,0,0,0,0,0,0,0,0,0,0,0,0,0,0,0,0,0,0,0,0,0,73,73,0,73,82,82,82,82,82,82,73,0,0,0,0,0,73,73,82,82,82,82,82,82,82,82,82,82,82,82,82,82,82,82,82,73,0,0,0,0,0,0,73,82,82,82,82,73,82,82,82,82,82,82,73,73,73,0,0,0,0,0,0,0,0,0,0,0,0,0,0,0,0,0,0,0,0,0,0,0,0,0,
0,0,0,0,0,0,0,0,0,0,0,0,0,0,0,0,0,0,0,0,0,0,0,0,0,0,0,0,0,0,0,73,73,73,82,82,82,82,73,0,73,73,0,73,82,73,82,82,82,82,82,82,82,82,82,82,82,82,82,82,82,82,82,73,73,73,0,73,73,0,73,82,82,82,82,73,73,82,82,73,73,73,0,0,0,0,0,0,0,0,0,0,0,0,0,0,0,0,0,0,0,0,0,0,0,0,0,0,0,0,
0,0,0,0,0,0,0,0,0,0,0,0,0,0,0,0,0,0,0,0,0,0,0,0,0,0,0,0,0,0,0,0,0,0,73,73,73,73,73,73,82,82,73,73,82,73,82,82,82,82,82,82,82,82,82,82,82,82,82,82,82,82,82,73,82,73,73,82,82,73,0,73,82,82,82,73,0,73,73,0,0,0,0,0,0,0,0,0,0,0,0,0,0,0,0,0,0,0,0,0,0,0,0,0,0,0,0,0,0,0,
0,0,0,0,0,0,0,0,0,0,0,0,0,0,0,0,0,0,0,0,0,0,0,0,0,0,0,0,82,82,82,82,0,0,0,0,73,82,82,82,73,82,82,82,82,73,82,82,82,82,82,82,82,82,82,82,82,82,82,82,73,82,82,73,82,73,82,82,82,82,73,73,82,82,82,73,0,0,0,0,0,0,0,0,0,0,0,0,0,0,0,0,0,0,0,0,0,0,0,0,0,0,0,0,0,0,0,0,0,0,
0,0,0,0,0,0,0,0,0,0,0,0,0,0,0,0,0,0,0,0,0,0,0,82,82,82,82,82,82,82,82,82,82,73,73,82,73,73,73,73,73,73,82,82,82,82,73,82,82,82,82,82,82,82,82,82,82,82,82,82,82,73,82,73,82,82,82,82,82,73,73,73,73,73,73,73,73,73,73,73,73,73,73,82,82,0,0,0,0,0,0,0,0,0,0,0,0,0,0,0,0,0,0,0,0,0,0,0,0,0,
0,0,0,0,0,0,0,0,0,0,0,0,0,0,0,0,0,82,82,82,82,0,0,82,164,91,91,91,91,82,82,82,82,82,82,82,82,82,82,82,82,73,73,82,82,82,73,82,82,82,82,82,82,82,82,82,82,82,82,82,82,82,73,82,82,82,82,73,73,82,82,82,82,82,82,73,82,82,82,73,73,82,82,82,82,82,82,82,82,82,0,0,0,0,0,0,0,0,0,0,0,0,0,0,0,0,0,0,0,0,
0,0,0,0,0,0,0,0,0,0,0,0,82,82,82,0,0,82,164,164,164,82,82,164,82,164,164,91,82,82,82,82,82,82,82,82,82,82,82,82,82,82,82,82,73,73,73,73,73,82,82,82,82,82,82,82,82,82,82,82,82,73,73,73,73,73,73,82,82,82,82,82,82,82,82,82,82,82,82,82,82,82,82,82,73,82,82,82,82,82,82,82,82,0,0,0,0,0,0,0,0,0,0,0,0,0,0,0,0,0,
0,0,0,0,0,0,0,0,0,0,0,82,82,164,164,82,82,82,164,164,164,164,82,164,82,164,82,82,164,164,164,82,82,82,82,82,82,82,82,82,82,82,73,73,82,82,82,82,82,73,73,82,82,73,73,73,82,82,73,73,73,82,82,82,82,73,82,82,82,82,82,82,82,82,82,82,82,82,82,82,82,82,82,82,82,82,82,82,82,82,82,82,82,82,82,0,0,0,0,0,0,0,0,0,0,0,0,0,0,0,
0,0,0,0,0,0,0,0,0,0,0,82,164,164,164,164,164,164,82,164,164,164,164,164,164,164,164,164,82,82,82,82,82,82,82,82,82,82,82,73,73,73,73,82,82,82,82,82,82,82,82,73,82,164,91,82,73,73,82,82,82,82,82,82,82,73,82,82,82,82,82,82,82,82,73,73,73,73,82,82,82,82,82,82,82,82,82,82,82,82,82,82,82,82,82,82,82,82,0,0,0,0,0,0,0,0,0,0,0,0,
0,0,0,0,0,0,0,0,0,82,82,82,82,164,164,164,164,164,164,164,164,164,164,82,82,82,82,82,82,82,82,82,82,82,82,82,82,82,82,82,82,82,82,73,73,73,91,91,91,91,91,91,82,164,91,82,91,91,91,91,91,91,73,73,73,73,82,82,82,82,73,73,73,82,82,82,82,82,82,82,82,82,82,82,82,82,82,82,82,82,82,82,82,82,82,82,82,82,82,82,0,0,0,0,0,0,0,0,0,0,
0,0,0,0,0,0,0,0,82,164,164,164,164,164,164,164,164,164,164,82,82,82,82,164,164,82,164,164,82,73,73,73,73,73,73,73,82,82,82,82,73,73,91,91,91,91,91,91,91,91,91,91,82,164,91,82,91,91,91,91,91,91,91,91,82,82,73,73,73,73,82,82,82,82,82,82,82,82,82,82,82,82,82,82,82,82,82,82,82,82,82,82,82,82,82,82,82,82,82,82,0,0,0,0,0,0,0,0,0,0,
0,0,0,0,82,82,82,82,82,164,164,164,164,164,164,164,82,82,82,164,164,82,164,164,164,82,164,164,82,164,164,164,164,164,164,164,73,73,73,73,82,91,91,91,91,82,91,91,91,91,91,91,82,164,91,82,91,91,91,91,91,91,91,91,91,82,82,73,82,82,82,82,82,82,82,82,73,73,82,82,82,82,82,82,82,82,82,82,82,82,82,82,82,82,82,82,82,82,82,82,82,82,82,0,0,0,0,0,0,0,
0,0,0,82,164,164,164,164,82,82,164,164,164,164,82,82,164,164,164,164,164,82,164,164,164,164,164,164,82,164,73,73,164,164,164,164,164,91,82,82,82,91,91,82,82,91,91,91,91,91,91,164,164,164,82,164,164,164,164,91,91,91,82,82,91,82,82,73,82,82,82,82,82,82,82,73,82,82,82,82,82,82,82,82,82,82,82,82,82,82,82,82,82,82,82,82,82,82,91,91,91,91,91,82,82,0,0,0,0,0,
0,0,0,82,164,164,164,164,164,164,164,164,164,164,164,164,164,164,164,164,82,164,164,164,164,164,164,164,82,164,82,82,73,164,164,164,164,164,91,82,82,82,82,91,91,91,91,82,164,164,164,164,164,164,82,164,164,164,164,164,164,91,91,91,82,82,82,73,82,82,82,82,82,82,73,82,82,82,82,82,82,82,82,82,82,82,82,82,82,82,82,82,82,82,82,82,82,91,91,91,91,91,91,91,164,82,82,82,0,0,
0,0,0,0,82,82,164,164,164,164,164,164,164,164,164,164,164,164,164,164,82,164,164,164,164,164,164,164,164,82,164,82,82,73,164,164,164,164,164,91,82,82,91,91,91,91,82,164,164,164,164,164,164,164,82,164,164,164,164,164,164,164,164,91,91,82,73,82,82,82,82,82,82,73,82,82,82,82,82,73,82,82,82,82,82,82,82,82,82,82,82,82,82,82,82,91,91,91,91,91,91,91,91,164,164,164,164,164,82,82,
0,0,82,82,164,164,164,164,164,164,164,164,164,164,82,164,164,164,164,164,164,164,164,73,164,164,164,164,164,82,164,82,82,82,73,164,164,164,164,164,82,82,91,91,82,164,164,164,164,164,164,164,164,164,164,164,164,164,164,164,164,164,164,164,91,82,73,82,82,82,82,82,73,82,82,82,82,82,73,82,73,82,82,82,82,82,82,82,82,82,82,82,82,82,82,91,91,91,91,91,91,164,164,82,82,82,164,164,164,82,
82,82,164,164,164,164,164,164,82,164,164,164,164,164,82,164,164,164,164,164,164,164,73,73,164,164,164,164,164,164,82,91,82,82,82,73,164,164,164,164,164,164,82,82,164,164,164,164,164,164,164,164,164,164,164,164,164,164,164,82,164,164,164,164,82,73,73,82,82,82,82,73,82,82,82,82,82,82,73,82,73,73,82,82,82,82,82,82,82,82,82,82,82,91,91,82,164,91,91,164,164,164,164,164,164,82,82,82,82,0,
82,164,164,164,164,164,164,164,82,164,164,164,164,82,0,73,164,164,164,164,164,164,73,73,164,164,164,73,164,164,82,164,82,82,82,82,73,164,164,164,164,164,82,73,164,164,164,164,73,82,164,164,164,164,164,164,164,164,164,164,82,164,164,73,82,73,82,82,82,82,82,82,82,82,82,82,82,82,73,73,73,82,73,82,82,82,82,82,91,91,91,82,91,91,91,82,82,164,164,164,82,164,164,164,164,82,0,0,0,0,
82,164,164,82,82,164,164,82,82,164,164,164,82,0,73,164,164,164,73,164,164,164,73,73,164,164,164,73,73,73,82,164,82,82,91,164,164,164,164,164,164,164,164,82,82,164,82,73,82,164,164,164,164,164,164,164,164,164,164,164,164,82,82,82,73,82,82,82,82,82,82,82,82,82,82,82,82,73,82,82,82,82,73,73,82,82,82,82,73,91,91,91,82,91,91,91,73,73,164,164,164,82,164,164,164,164,82,82,0,0,
82,82,82,82,164,164,82,82,164,164,164,82,82,0,73,82,82,73,73,164,164,73,82,73,73,73,73,73,82,82,82,164,91,91,164,164,164,164,164,164,164,164,164,82,82,73,73,82,164,164,164,164,164,164,164,164,164,164,164,164,164,82,73,73,82,82,82,82,82,82,82,82,82,82,82,82,82,73,82,82,82,82,82,82,73,73,73,73,82,73,73,73,73,73,73,73,73,0,73,164,164,164,82,82,164,164,164,82,0,0,
0,0,0,82,82,82,0,82,82,82,82,82,0,0,73,73,73,73,73,73,73,73,82,82,73,82,82,82,82,82,73,164,164,164,164,164,164,164,164,164,164,164,164,164,82,82,73,164,164,164,164,164,164,164,164,164,164,82,164,164,164,82,82,82,82,82,82,82,82,82,82,82,82,82,82,82,82,82,73,82,82,82,82,82,82,82,82,73,82,82,82,82,82,82,82,73,0,0,0,82,82,82,82,0,82,82,82,82,0,0,
0,0,0,0,82,82,0,82,82,82,82,0,0,0,73,82,82,82,82,82,82,82,82,73,82,82,82,82,82,82,164,164,164,164,164,164,82,82,91,164,164,164,164,164,164,164,73,164,164,164,82,164,164,164,164,164,164,164,82,164,82,73,82,82,82,82,82,82,82,82,82,82,82,82,82,82,82,82,82,73,82,82,82,82,82,82,82,73,82,82,82,82,82,82,82,82,73,0,0,0,0,0,0,0,0,0,0,0,0,0,
0,0,0,0,0,0,0,0,0,0,0,0,0,82,82,82,82,82,82,82,82,82,73,91,91,82,82,82,82,164,164,164,164,164,164,82,164,164,164,164,164,164,164,164,164,164,82,73,164,82,82,164,164,164,82,164,164,164,73,73,73,82,82,82,82,82,82,82,82,82,82,82,82,82,82,82,82,82,82,82,73,82,82,82,82,82,82,82,73,82,82,82,82,82,82,82,82,0,0,0,0,0,0,0,0,0,0,0,0,0,
0,0,0,0,0,0,0,0,0,0,0,0,0,82,82,82,82,82,82,82,82,82,73,91,91,91,91,82,164,164,164,164,164,164,82,164,164,164,164,164,164,164,82,164,164,164,82,82,73,82,164,164,164,164,82,164,164,164,73,82,82,82,82,82,82,82,82,82,82,82,82,82,82,82,82,82,82,82,82,82,73,82,82,82,82,82,82,82,73,82,82,82,82,82,82,82,82,73,0,0,0,0,0,0,0,0,0,0,0,0,
0,0,0,0,0,0,0,0,0,0,0,0,82,82,82,82,82,82,82,82,82,82,91,91,91,91,82,164,164,164,164,164,164,164,91,82,82,164,164,164,164,91,82,82,164,164,164,164,82,73,164,164,164,82,73,82,164,82,82,82,82,82,82,82,82,82,82,82,82,82,73,164,164,82,82,82,82,82,82,82,82,73,82,82,82,82,82,82,73,82,82,73,82,82,82,82,82,82,0,0,0,0,0,0,0,0,0,0,0,0,
0,0,0,0,0,0,0,0,0,0,0,0,82,82,82,82,82,82,82,82,82,82,91,91,91,91,82,164,164,164,164,164,164,164,82,173,173,82,73,164,91,91,82,82,164,164,164,164,164,164,73,73,164,82,82,73,73,82,82,82,82,82,82,82,82,82,82,82,73,164,73,164,164,82,82,82,82,82,82,82,82,73,82,82,82,82,82,82,82,73,82,73,82,82,82,82,82,82,73,0,0,0,0,0,0,0,0,0,0,0,
0,0,0,0,0,0,0,0,0,0,0,82,82,82,82,82,82,82,82,82,82,91,91,91,91,82,91,164,164,164,164,164,164,164,82,173,173,73,164,73,73,82,82,82,164,164,164,164,164,164,82,82,73,73,82,82,82,82,91,91,91,82,82,82,82,82,82,73,73,73,73,164,164,82,82,82,82,82,82,82,82,82,73,82,82,82,82,82,82,73,82,73,82,82,82,82,82,82,73,0,0,0,0,0,0,0,0,0,0,0,
0,0,0,0,0,0,0,0,0,0,0,82,82,82,91,82,82,82,82,82,82,91,91,91,91,82,91,164,164,164,164,164,164,164,82,164,173,82,73,73,73,73,82,82,164,164,164,164,164,164,164,82,82,82,82,82,82,91,91,91,91,91,91,82,82,82,173,82,73,73,82,164,164,73,82,82,82,82,82,82,82,82,82,73,82,82,82,82,82,73,82,73,82,82,82,82,82,82,82,73,0,0,0,0,0,0,0,0,0,0,
0,0,0,0,0,0,0,0,0,0,0,82,82,82,82,82,82,82,82,82,82,91,91,91,82,91,91,164,164,164,164,164,164,164,164,164,173,173,82,82,82,164,82,164,164,164,164,164,164,164,164,91,82,82,82,82,91,91,91,91,91,91,91,91,82,82,173,173,173,173,173,164,82,82,82,82,82,82,82,82,82,82,82,73,82,82,82,82,82,73,82,73,82,82,82,82,82,82,82,73,0,0,0,0,0,0,0,0,0,0,
0,0,0,0,0,0,0,0,0,0,82,82,82,82,82,82,82,82,82,82,82,164,91,91,82,91,91,91,164,164,164,164,164,164,164,82,164,173,173,173,164,164,82,164,164,164,164,164,164,164,164,91,82,82,82,82,91,91,91,91,91,91,91,91,91,91,82,164,173,173,164,82,82,82,82,82,82,82,82,82,82,82,82,73,82,82,82,82,82,82,73,82,82,82,82,82,82,82,82,73,9,0,0,0,0,0,0,0,0,0,
0,0,0,0,0,0,0,0,0,0,82,82,82,82,82,82,82,82,82,82,91,164,164,91,91,82,82,91,91,91,164,164,164,164,164,164,82,164,164,164,164,82,164,164,164,164,164,164,164,164,164,91,82,82,82,82,91,91,91,91,91,91,91,91,91,91,91,91,82,82,82,82,82,82,82,82,82,73,82,82,82,82,73,82,82,82,82,82,82,82,73,82,82,82,82,82,82,82,82,73,9,0,0,0,0,0,0,0,0,0,
0,0,0,0,0,0,0,0,0,0,82,82,82,82,82,82,82,82,82,82,164,164,164,91,91,82,82,82,82,82,73,91,91,91,164,164,164,82,82,82,82,164,164,164,164,164,164,164,164,164,164,91,91,82,82,91,91,91,91,91,91,91,91,91,91,91,82,82,82,82,82,82,82,82,82,73,73,82,82,82,82,82,73,82,82,82,82,82,82,82,73,82,82,82,82,82,82,82,82,73,9,0,0,0,0,0,0,0,0,0,
0,0,0,0,0,0,0,0,0,0,82,82,82,82,82,82,82,82,82,82,164,164,164,91,91,91,82,82,82,82,82,73,73,91,91,91,91,91,164,164,164,164,164,164,164,164,164,164,164,164,164,91,91,91,82,91,91,91,91,91,91,91,82,82,82,82,82,82,82,82,73,73,73,73,73,82,82,82,82,82,82,73,82,82,82,82,82,82,82,82,73,82,82,82,82,82,82,82,73,73,9,0,0,0,0,0,0,0,0,0,
0,0,0,0,0,0,0,0,0,0,82,82,82,82,91,82,82,82,82,82,164,164,164,91,91,91,82,82,82,82,82,82,82,73,73,73,73,73,91,91,91,91,91,164,164,164,164,164,164,164,164,91,91,82,91,91,91,91,91,91,91,82,82,82,82,73,73,73,73,73,73,164,164,73,82,82,82,82,82,82,82,82,82,82,82,82,82,82,82,82,73,82,82,82,73,82,73,82,9,73,9,0,0,0,0,0,0,0,0,0,
0,0,0,0,0,0,0,0,0,0,0,73,82,82,91,82,82,82,82,73,164,164,91,91,91,91,91,82,82,82,82,82,82,82,82,73,173,164,73,73,73,73,73,82,82,82,91,91,82,73,164,91,82,91,82,91,91,82,73,82,82,82,82,82,82,82,82,82,82,82,73,164,164,73,82,82,82,82,82,73,73,82,82,82,82,82,82,82,82,82,73,73,82,73,82,73,73,9,9,9,0,0,0,0,0,0,0,0,0,0,
0,0,0,0,0,0,0,0,0,0,0,73,82,82,82,82,82,82,82,73,164,164,91,91,91,91,91,91,91,82,82,82,82,82,82,73,173,173,82,82,82,82,82,73,73,73,82,82,82,82,82,82,82,82,82,82,82,82,82,82,82,82,82,82,82,82,82,82,82,82,82,164,73,82,82,82,82,73,73,82,82,82,82,82,82,82,82,82,82,82,73,73,73,82,73,73,73,73,73,9,0,0,0,0,0,0,0,0,0,0,
0,0,0,0,0,0,0,0,0,0,0,0,73,82,82,82,82,82,82,73,91,91,91,91,91,91,91,91,91,91,82,82,82,82,82,82,73,173,82,82,82,82,82,82,82,82,82,82,82,82,82,82,82,82,82,82,82,82,82,82,82,82,82,82,82,82,82,82,82,82,82,73,82,82,82,73,73,82,82,82,82,82,82,82,82,82,82,82,82,82,73,73,73,73,73,73,73,73,73,0,0,0,0,0,0,0,0,0,0,0,
0,0,0,0,0,0,0,0,0,0,0,0,73,82,82,82,82,82,82,73,91,91,91,91,91,91,91,91,91,91,91,91,91,73,82,82,82,73,82,82,82,82,82,82,91,91,91,91,91,82,82,82,82,82,82,82,82,82,82,91,91,91,91,91,82,82,82,82,82,82,82,73,82,82,73,82,82,82,82,82,82,82,82,82,82,82,82,82,82,82,73,73,73,73,9,73,73,73,9,0,0,0,0,0,0,0,0,0,0,0,
0,0,0,0,0,0,0,0,0,0,0,0,0,73,82,82,82,82,82,82,73,91,91,91,91,91,91,91,91,91,91,91,91,91,73,82,82,73,82,82,82,82,91,91,91,91,91,164,164,164,164,164,164,164,164,164,164,164,164,164,91,91,91,91,91,91,82,82,82,82,82,73,82,73,82,82,82,82,82,82,82,82,82,82,82,82,82,82,82,9,73,73,73,9,9,73,73,9,0,0,0,0,0,0,0,0,0,0,0,0,
0,0,0,0,0,0,0,0,0,0,0,0,0,73,82,82,82,82,82,73,164,91,91,91,91,91,91,91,91,91,91,91,91,91,91,73,82,73,82,82,82,82,91,91,164,164,164,164,164,164,164,164,164,164,164,164,164,164,164,164,164,164,91,91,91,91,82,82,82,82,73,82,82,73,82,82,82,82,82,82,82,82,82,82,82,82,82,82,82,9,73,73,73,73,73,73,9,0,0,0,0,0,0,0,0,0,0,0,0,0,
0,0,0,0,0,0,0,0,0,0,0,0,0,0,73,73,82,82,82,73,164,82,91,91,91,91,91,91,91,91,91,91,91,91,91,73,82,82,73,82,82,82,91,91,164,164,164,164,164,164,164,164,164,164,164,164,164,164,164,164,164,164,164,91,91,82,82,82,82,73,82,82,73,82,82,82,82,82,82,82,82,82,82,73,82,82,82,82,82,73,73,73,73,73,73,73,9,0,0,0,0,0,0,0,0,0,0,0,0,0,
0,0,0,0,0,0,0,0,0,0,0,0,0,0,73,82,82,82,82,82,73,82,91,91,91,91,91,91,91,91,91,91,91,91,91,91,73,82,82,73,82,82,82,73,82,164,164,164,164,164,164,164,164,164,164,164,164,164,164,164,164,164,164,91,73,82,82,82,73,82,82,73,82,82,82,82,82,82,82,82,82,82,82,73,82,82,82,82,9,73,73,73,9,9,73,9,0,0,0,0,0,0,0,0,0,0,0,0,0,0,
0,0,0,0,0,0,0,0,0,0,0,0,0,82,82,82,82,82,82,82,82,73,91,91,91,91,91,91,91,91,91,91,91,91,91,91,91,73,82,82,73,82,73,173,82,73,164,164,164,164,164,164,164,164,164,164,164,164,164,164,164,82,73,82,173,73,73,73,82,82,73,82,82,82,82,82,82,82,82,82,82,73,73,73,82,82,82,82,9,9,9,9,73,73,73,9,0,0,0,0,0,0,0,0,0,0,0,0,0,0,
0,0,0,0,0,0,0,0,0,0,0,0,0,164,173,173,82,82,82,82,82,82,73,91,91,82,164,91,91,91,91,91,91,91,91,91,91,91,73,82,82,73,164,173,73,173,73,82,82,82,82,82,82,82,82,82,82,82,82,82,82,73,173,73,173,164,73,82,82,73,82,82,82,82,82,82,82,82,82,82,82,82,82,82,82,82,82,73,9,73,73,73,73,73,164,73,0,0,0,0,0,0,0,0,0,0,0,0,0,0,
0,0,0,0,0,0,0,0,0,0,0,0,82,173,173,164,73,82,82,173,164,82,73,91,91,82,82,91,91,91,91,91,91,91,91,91,91,82,82,73,73,82,82,73,173,164,73,82,82,82,82,82,82,82,82,82,82,82,82,82,82,73,173,164,73,82,82,82,73,82,82,82,82,73,82,82,82,82,82,82,82,82,82,82,82,82,82,73,164,91,73,73,9,9,91,91,73,0,0,0,0,0,0,0,0,0,0,0,0,0,
0,0,0,0,0,0,0,0,0,0,0,0,0,82,82,82,0,73,173,173,164,73,73,73,91,91,91,91,91,91,91,91,82,164,82,91,91,82,82,82,73,73,82,82,82,73,73,82,82,82,73,73,73,73,73,73,73,73,82,82,82,73,73,73,82,82,82,73,82,82,82,82,73,82,82,82,82,82,82,82,82,82,82,82,82,82,73,164,164,91,9,9,0,73,73,73,73,0,0,0,0,0,0,0,0,0,0,0,0,0,
0,0,0,0,0,0,0,0,0,0,0,0,0,0,0,0,0,0,82,173,73,0,0,0,73,91,91,91,91,91,91,91,82,82,91,91,82,82,82,82,73,82,73,73,82,82,82,73,73,82,82,91,91,91,91,91,91,82,82,73,73,82,82,82,82,82,73,82,82,82,82,82,73,73,82,82,82,82,82,82,82,82,82,82,82,82,9,73,91,73,0,0,0,0,0,0,0,0,0,0,0,0,0,0,0,0,0,0,0,0,
0,0,0,0,0,0,0,0,0,0,0,0,0,0,0,0,0,0,0,73,0,0,0,0,0,73,91,91,91,91,91,91,91,91,82,82,82,82,82,82,73,82,73,0,73,73,82,82,82,82,82,82,82,82,82,82,82,82,82,82,82,82,82,82,73,73,82,82,82,82,82,82,82,82,82,82,82,82,82,82,82,82,82,82,82,82,9,0,73,0,0,0,0,0,0,0,0,0,0,0,0,0,0,0,0,0,0,0,0,0,
0,0,0,0,0,0,0,0,0,0,0,0,0,0,0,0,0,0,0,0,0,0,0,0,0,0,73,82,82,82,82,82,82,82,82,82,82,82,82,73,82,9,0,0,0,0,73,9,9,9,73,82,82,82,82,82,82,82,73,9,9,9,73,73,73,82,82,82,82,82,82,82,82,82,82,82,82,82,82,73,82,82,82,82,9,82,73,0,0,0,0,0,0,0,0,0,0,0,0,0,0,0,0,0,0,0,0,0,0,0,
0,0,0,0,0,0,0,0,0,0,0,0,0,0,0,0,0,0,0,0,0,0,0,0,0,0,0,82,82,82,82,82,82,82,82,82,82,82,73,82,82,9,0,0,0,0,0,0,0,0,0,0,0,0,0,0,0,0,0,0,0,0,0,0,73,82,82,82,82,82,82,82,82,82,82,82,82,82,82,73,82,82,82,82,73,9,0,0,0,0,0,0,0,0,0,0,0,0,0,0,0,0,0,0,0,0,0,0,0,0,
0,0,0,0,0,0,0,0,0,0,0,0,0,0,0,0,0,0,0,0,0,0,0,0,0,0,0,73,82,82,82,82,73,73,82,73,73,82,82,82,9,0,0,0,0,0,0,0,0,0,0,0,0,0,0,0,0,0,0,0,0,0,0,0,73,73,82,82,82,82,82,82,82,82,82,82,82,73,73,82,82,82,82,9,0,0,0,0,0,0,0,0,0,0,0,0,0,0,0,0,0,0,0,0,0,0,0,0,0,0,
0,0,0,0,0,0,0,0,0,0,0,0,0,0,0,0,0,0,0,0,0,0,0,0,0,0,0,82,173,82,82,82,82,82,82,82,82,82,82,164,9,0,0,0,0,0,0,0,0,0,0,0,0,0,0,0,0,0,0,0,0,0,0,73,73,73,73,73,82,82,82,82,82,82,82,82,82,82,82,82,82,82,9,0,0,0,0,0,0,0,0,0,0,0,0,0,0,0,0,0,0,0,0,0,0,0,0,0,0,0,
0,0,0,0,0,0,0,0,0,0,0,0,0,0,0,0,0,0,0,0,0,0,0,0,0,0,82,173,173,164,82,82,82,82,164,73,82,82,82,173,164,9,0,0,0,0,0,0,0,0,0,0,0,0,0,0,0,0,0,0,0,0,0,9,73,73,73,73,73,73,73,73,82,82,82,82,82,82,82,73,73,9,0,0,0,0,0,0,0,0,0,0,0,0,0,0,0,0,0,0,0,0,0,0,0,0,0,0,0,0,
0,0,0,0,0,0,0,0,0,0,0,0,0,0,0,0,0,0,0,0,0,0,0,0,0,0,82,173,164,73,73,73,73,164,173,164,73,73,73,164,173,9,0,0,0,0,0,0,0,0,0,0,0,0,0,0,0,0,0,0,0,0,0,9,73,73,73,73,73,73,73,73,73,73,73,73,73,73,73,73,73,0,0,0,0,0,0,0,0,0,0,0,0,0,0,0,0,0,0,0,0,0,0,0,0,0,0,0,0,0,
0,0,0,0,0,0,0,0,0,0,0,0,0,0,0,0,0,0,0,0,0,0,0,0,0,0,82,73,73,0,0,0,82,173,173,164,82,0,0,73,73,0,0,0,0,0,0,0,0,0,0,0,0,0,0,0,0,0,0,0,0,0,82,173,173,73,73,73,73,73,73,73,73,73,73,73,73,73,73,73,9,0,0,0,0,0,0,0,0,0,0,0,0,0,0,0,0,0,0,0,0,0,0,0,0,0,0,0,0,0,
0,0,0,0,0,0,0,0,0,0,0,0,0,0,0,0,0,0,0,0,0,0,0,0,0,0,0,0,0,0,0,0,0,82,173,82,0,0,0,0,0,0,0,0,0,0,0,0,0,0,0,0,0,0,0,0,0,0,0,0,0,0,82,173,164,73,73,73,73,73,164,73,9,73,73,73,73,73,73,73,0,0,0,0,0,0,0,0,0,0,0,0,0,0,0,0,0,0,0,0,0,0,0,0,0,0,0,0,0,0,
0,0,0,0,0,0,0,0,0,0,0,0,0,0,0,0,0,0,0,0,0,0,0,0,0,0,0,0,0,0,0,0,0,0,82,0,0,0,0,0,0,0,0,0,0,0,0,0,0,0,0,0,0,0,0,0,0,0,0,0,0,82,173,173,73,9,9,9,73,164,164,73,9,73,73,73,73,164,73,9,0,0,0,0,0,0,0,0,0,0,0,0,0,0,0,0,0,0,0,0,0,0,0,0,0,0,0,0,0,0,
0,0,0,0,0,0,0,0,0,0,0,0,0,0,0,0,0,0,0,0,0,0,0,0,0,0,0,0,0,0,0,0,0,0,0,0,0,0,0,0,0,0,0,0,0,0,0,0,0,0,0,0,0,0,0,0,0,0,0,0,0,82,9,9,0,0,0,73,73,173,164,164,9,9,9,9,73,164,91,9,0,0,0,0,0,0,0,0,0,0,0,0,0,0,0,0,0,0,0,0,0,0,0,0,0,0,0,0,0,0,
0,0,0,0,0,0,0,0,0,0,0,0,0,0,0,0,0,0,0,0,0,0,0,0,0,0,0,0,0,0,0,0,0,0,0,0,0,0,0,0,0,0,0,0,0,0,0,0,0,0,0,0,0,0,0,0,0,0,0,0,0,0,0,0,0,0,0,0,73,173,164,73,0,0,0,0,73,164,91,9,0,0,0,0,0,0,0,0,0,0,0,0,0,0,0,0,0,0,0,0,0,0,0,0,0,0,0,0,0,0,
0,0,0,0,0,0,0,0,0,0,0,0,0,0,0,0,0,0,0,0,0,0,0,0,0,0,0,0,0,0,0,0,0,0,0,0,0,0,0,0,0,0,0,0,0,0,0,0,0,0,0,0,0,0,0,0,0,0,0,0,0,0,0,0,0,0,0,0,0,73,73,0,0,0,0,0,0,73,73,0,0,0,0,0,0,0,0,0,0,0,0,0,0,0,0,0,0,0,0,0,0,0,0,0,0,0,0,0,0,0,


